    1 ZINC00000381 <0>1 1.273e+03   -48.1    -17.3    0        0        -65.4      9  3  3 0.30
    2 ZINC00001358 <0>1 1.215e+03   -44.6    -8.56    0        0        -53.2      9  3  3 0.06
    4 ZINC00003471 <0>1 1.377e+03   -60.3    -4.2     0        0        -64.5     10  3  3 0.16
    3 ZINC00001358 <0>1 1.335e+03   -50.4    -21      0        0        -71.4      5  3  3 0.28
    5 ZINC00001344 <0>1 1.415e+03   -42.1    -14.1    0        0        -56.2      8  3  3 0.00
    6 ZINC00001358 <0>1 1.338e+03   -43.5    -18.1    0        0        -61.6      1  3  3 0.15
    8 ZINC00001344 ZINC 1.789e+03   1.21e-38 -39.6    0        0        -39.6      0  3  3 0.65
    7 ZINC00003471 ZINC 1.762e+03   2.54e-38 -47.5    0        0        -47.5      0  3  3 0.10
    9 ZINC00002719 ZINC 1.727e+03   9.34e-39 -37.7    0        0        -37.7      0  3  3 0.55
   10 ZINC00007217 ZINC 1.875e+03   2.9e-38  -46.1    0        0        -46.1      0  3  3 0.21
   12 ZINC00000381 <0>1 1.278e+03   -53.1    -19.4    0        0        -72.5      2  3  3 0.39
   11 ZINC00001344 ZINC 1.749e+03   1.78e-38 -44.5    0        0        -44.5      0  3  3 0.11
   13 ZINC00001344 ZINC 1.950e+03   9.63e-39 -53.2    0        0        -53.2      0  3  3 0.38
   14 ZINC00000607 ZINC 2.146e+03   4.51e-38 -49.9    0        0        -49.9      0  3  3 0.21
   16 ZINC00001572 ZINC 2.055e+03   7.35e-40 -53.3    0        0        -53.3      0  3  3 0.16
   15 ZINC00001572 ZINC 2.175e+03   3.08e-38 -57.5    0        0        -57.5      0  3  3 0.25
   17 ZINC00001933 ZINC 2.498e+03   2.17e-38 -53.2    0        0        -53.2      0  3  3 0.39
   18 ZINC00007230 <0>1 1.291e+03   -38      -15.3    0        0        -53.3      4  3  3 0.01
   20 ZINC00007230 <0>1 1.184e+03   -52.9    -8.61    0        0        -61.5      3  3  3 0.05
   19 ZINC00007230 <0>1 1.316e+03   -30.1    -22.3    0        0        -52.3      0  3  3 0.05
   21 ZINC00007230 <0>1 1.310e+03   -59.9    -15.2    0        0        -75.1      0  3  3 0.07
   22 ZINC00007230 <0>1 1.094e+03   -39.4    -5.32    0        0        -44.7      0  3  3 0.13
   24 ZINC00007919 ZINC 2.059e+03   3.11e-38 -44.3    0        0        -44.3      0  3  3 0.16
   23 ZINC00007919 ZINC 2.060e+03   1.78e-38 -50.6    0        0        -50.6      0  3  3 0.34
   25 ZINC00009545 ZINC 2.107e+03   1.54e-38 -50.4    0        0        -50.4      0  3  3 0.25
   26 ZINC00009551 <0>1 1.301e+03   -38.1    -8.91    0        0        -47        0  3  3 0.25
   28 ZINC00000210 <0>1 1.294e+03   -42.5    -14.5    0        0        -57        0  3  3 0.24
   27 ZINC00000210 <0>1 1.292e+03   -47.4    -10.4    0        0        -57.8      7  3  3 0.00
   29 ZINC00000210 ZINC 1.973e+03   2.83e-38 -42.5    0        0        -42.5      0  3  3 0.14
   30 ZINC00000210 ZINC 1.963e+03   2.75e-38 -43.2    0        0        -43.2      0  3  3 0.12
   31 ZINC00000212 ZINC 2.293e+03   2.68e-38 -46.3    0        0        -46.3      0  3  3 0.18
   32 ZINC00000598 <0>1 1.175e+03   -54.1    -5.58    0        0        -59.7      0  3  3 0.01
   33 ZINC00000191 ZINC 1.507e+03   -6.52e-39 -45.3    0        0        -45.3      0  3  3 0.29
   34 ZINC00000191 ZINC 1.800e+03   -9.75e-39 -45.1    0        0        -45.1      0  3  3 0.15
   35 ZINC00000639 ZINC 2.093e+03   1.95e-38 -53.9    0        0        -53.9      0  3  3 0.42
   36 ZINC00000323 ZINC 1.815e+03   -1.8e-38 -55.5    0        0        -55.5      0  3  3 0.06
   38 ZINC00000210 ZINC 2.259e+03   3.59e-38 -52.9    0        0        -52.9      0  3  3 0.22
   37 ZINC00000323 ZINC 1.734e+03   1.61e-38 -53.9    0        0        -53.9      0  3  3 0.19
   39 ZINC00000211 ZINC 2.043e+03   2.07e-38 -53.2    0        0        -53.2      0  3  3 0.26
   40 ZINC00000424 ZINC 1.949e+03   2.89e-38 -48.4    0        0        -48.4      0  3  3 0.36
   42 ZINC00001246 ZINC 2.188e+03   -2.7e-39 -48      0        0        -48        0  3  3 0.08
   41 ZINC00000424 ZINC 1.610e+03   7.63e-39 -34.1    0        0        -34.1      9  3  3 0.28
   43 ZINC00001246 ZINC 2.033e+03   1.03e-38 -48.8    0        0        -48.8      0  3  3 0.12
   46 ZINC00001923 ZINC 2.100e+03   3e-38    -54.8    0        0        -54.8      0  3  3 0.34
   44 ZINC00000215 ZINC 2.252e+03   -2.99e-40 -52.2    0        0        -52.2      0  3  3 0.13
   45 ZINC00000210 ZINC 2.062e+03   2.34e-38 -49.5    0        0        -49.5      0  3  3 0.27
   47 ZINC00002353 ZINC 1.909e+03   4.31e-38 -46.9    0        0        -46.9      0  3  3 0.12
   50 ZINC00002995 ZINC 2.133e+03   3.73e-38 -42.3    0        0        -42.3      0  3  3 0.00
   48 ZINC00002353 ZINC 1.809e+03   3.73e-38 -44.7    0        0        -44.7      0  3  3 0.19
   49 ZINC00002487 ZINC 1.974e+03   -1.28e-38 -55.5    0        0        -55.5      0  3  3 0.11
   51 ZINC00002995 ZINC 2.103e+03   1.75e-38 -50.1    0        0        -50.1      0  3  3 0.33
   54 ZINC00003530 ZINC 2.031e+03   -2.55e-39 -50.5    0        0        -50.5      0  3  3 0.20
   52 ZINC00003260 ZINC 1.836e+03   1.39e-38 -49.5    0        0        -49.5      0  3  3 0.16
   53 ZINC00003260 ZINC 1.837e+03   9.5e-39  -44.7    0        0        -44.7      0  3  3 0.11
   55 ZINC00003530 ZINC 2.062e+03   2.94e-38 -52.2    0        0        -52.2      0  3  3 0.27
   58 ZINC00000458 ZINC 2.097e+03   8.14e-39 -40.8    0        0        -40.8      0  3  3 0.46
   56 ZINC00003530 ZINC 1.868e+03   3.44e-38 -33.3    0        0        -33.3      8  3  3 0.15
   57 ZINC00000458 ZINC 2.171e+03   1.08e-38 -39.8    0        0        -39.8      0  3  3 0.20
   59 ZINC00003682 ZINC 1.673e+03   2.38e-38 -48.9    0        0        -48.9      0  3  3 0.23
   62 ZINC00004823 ZINC 2.030e+03   -5.1e-40 -45.6    0        0        -45.6      0  3  3 0.22
   60 ZINC00000662 <0>1 1.367e+03   -50.3    -7.12    0        0        -57.4     10  3  3 0.02
   61 ZINC00004823 ZINC 2.031e+03   6.55e-40 -45.9    0        0        -45.9      0  3  3 0.21
   63 ZINC00004823 ZINC 2.022e+03   2.73e-38 -51.1    0        0        -51.1      0  3  3 0.41
   66 ZINC00005816 ZINC 1.856e+03   1.3e-38  -45.2    0        0        -45.2      0  3  3 0.27
   64 ZINC00004823 ZINC 2.031e+03   6.42e-40 -46.9    0        0        -46.9      0  3  3 0.22
   65 ZINC00005816 ZINC 2.017e+03   2.56e-38 -48      0        0        -48        0  3  3 0.06
   67 ZINC00001285 UNL1 1.450e+03   -7.39    -21.9    0        0        -29.3      3  3  3 0.20
   70 ZINC00000103 <0>1 1.635e+03   -35.2    -11.6    0        0        -46.8      0  3  3 0.04
   68 ZINC00000069 ZINC 1.772e+03   9.91e-39 -47.5    0        0        -47.5      0  3  3 0.30
   69 ZINC00000069 ZINC 1.970e+03   3.63e-40 -52.6    0        0        -52.6      0  3  3 0.18
   71 ZINC00000103 <0>1 1.419e+03   -48.8    -6.65    0        0        -55.5      8  3  3 0.03
   74 ZINC00009637 ZINC 1.984e+03   1.08e-38 -55      0        0        -55        0  3  3 0.30
   73 ZINC00009637 ZINC 2.116e+03   1.46e-38 -45.6    0        0        -45.6      0  3  3 0.37
   75 ZINC00009808 ZINC 1.917e+03   -1.11e-38 -53.7    0        0        -53.7      0  3  3 0.06
   78 ZINC00009808 ZINC 2.040e+03   1.86e-38 -43.9    0        0        -43.9      0  3  3 0.40
   72 ZINC00001589 ZINC 1.738e+03   1.52e-38 -52.8    0        0        -52.8      0  3  3 0.29
   77 ZINC00009808 ZINC 1.917e+03   2.63e-39 -58.5    0        0        -58.5      0  3  3 0.24
   79 ZINC00000968 ZINC 2.023e+03   1.09e-38 -59.2    0        0        -59.2      0  3  3 0.24
   82 ZINC00001179 ZINC 2.252e+03   2.02e-38 -49.6    0        0        -49.6      0  3  3 0.27
   76 ZINC00009808 ZINC 1.918e+03   4.33e-39 -58.8    0        0        -58.8      0  3  3 0.23
   81 ZINC00001179 ZINC 1.829e+03   1.16e-38 -49.1    0        0        -49.1      0  3  3 0.23
   83 ZINC00001223 ZINC 1.754e+03   3.17e-38 -54.7    0        0        -54.7      0  3  3 0.21
   86 ZINC00001708 ZINC 2.371e+03   1.47e-38 -47.4    0        0        -47.4      0  3  3 0.09
   80 ZINC00000968 ZINC 2.598e+03   1.52e-38 -52.4    0        0        -52.4      0  3  3 0.26
   85 ZINC00001350 ZINC 2.024e+03   1.66e-38 -58.2    0        0        -58.2      0  3  3 0.28
   87 ZINC00001708 ZINC 2.356e+03   1.53e-38 -56.4    0        0        -56.4      0  3  3 0.39
   84 ZINC00001223 ZINC 2.015e+03   1.66e-38 -50      0        0        -50        0  3  3 0.23
   90 ZINC00001949 ZINC 2.006e+03   1.62e-38 -58.5    0        0        -58.5      0  3  3 0.23
   89 ZINC00001940 ZINC 2.177e+03   2.51e-38 -54.9    0        0        -54.9      0  3  3 0.19
   91 ZINC00001949 ZINC 2.475e+03   2.43e-40 -51.5    0        0        -51.5      0  3  3 0.09
   88 ZINC00001940 ZINC 2.318e+03   4.19e-38 -50.3    0        0        -50.3      0  3  3 0.15
   94 ZINC00001952 ZINC 2.544e+03   1.38e-38 -49.8    0        0        -49.8      0  3  3 0.13
   93 ZINC00001949 ZINC 2.162e+03   2.3e-38  -68      0        0        -68        0  3  3 0.42
   95 ZINC00001952 ZINC 1.911e+03   2.99e-38 -53.6    0        0        -53.6      0  3  3 0.28
   92 ZINC00001949 ZINC 2.323e+03   3.56e-38 -48.9    0        0        -48.9      0  3  3 0.39
   98 ZINC00002020 ZINC 2.371e+03   2.72e-38 -61.1    0        0        -61.1      0  3  3 0.47
   99 ZINC00002020 ZINC 2.049e+03   -9.23e-39 -51      0        0        -51        0  3  3 0.12
   97 ZINC00001959 ZINC 2.356e+03   5.6e-39  -45.2    0        0        -45.2      0  3  3 0.32
  102 ZINC00002115 ZINC 2.160e+03   7.17e-39 -55.1    0        0        -55.1      0  3  3 0.18
   96 ZINC00001959 ZINC 2.238e+03   3.66e-39 -56.5    0        0        -56.5      0  3  3 0.20
  101 ZINC00002115 ZINC 2.247e+03   1.85e-38 -44.5    0        0        -44.5      0  3  3 0.33
  103 ZINC00003275 ZINC 2.156e+03   -1.31e-39 -51.8    0        0        -51.8      0  3  3 0.33
  100 ZINC00001460 ZINC 2.203e+03   1.26e-39 -50.2    0        0        -50.2      0  3  3 0.31
  106 ZINC00003291 ZINC 2.200e+03   3.8e-38  -50.2    0        0        -50.2      0  3  3 0.17
  105 ZINC00003291 ZINC 2.258e+03   2.27e-38 -56.8    0        0        -56.8      0  3  3 0.19
  107 ZINC00004005 ZINC 1.869e+03   8.44e-40 -53.6    0        0        -53.6      0  3  3 0.12
  104 ZINC00003285 ZINC 2.343e+03   1.25e-38 -50.9    0        0        -50.9      0  3  3 0.25
  110 ZINC00007231 ZINC 2.015e+03   1.96e-38 -62.1    0        0        -62.1      0  3  3 0.28
  109 ZINC00007231 ZINC 2.361e+03   2.49e-38 -58.1    0        0        -58.1      0  3  3 0.17
  111 ZINC00007231 ZINC 2.276e+03   3.19e-38 -56.9    0        0        -56.9      0  3  3 0.17
  108 ZINC00005882 ZINC 2.177e+03   1.8e-38  -58.4    0        0        -58.4      0  3  3 0.20
  114 ZINC00008580 ZINC 1.908e+03   2.7e-38  -50.8    0        0        -50.8      0  3  3 0.43
  113 ZINC00008580 ZINC 1.612e+03   1.62e-38 -40.2    0        0        -40.2      2  3  3 0.23
  115 ZINC00009539 ZINC 2.259e+03   -6.69e-39 -53.7    0        0        -53.7      0  3  3 0.24
  118 ZINC00009552 ZINC 2.319e+03   1.83e-38 -54.2    0        0        -54.2      0  3  3 0.17
  112 ZINC00007231 ZINC 2.281e+03   3.09e-38 -54.9    0        0        -54.9      0  3  3 0.11
  117 ZINC00009552 ZINC 2.317e+03   1.2e-38  -54.4    0        0        -54.4      0  3  3 0.17
  119 ZINC00009552 ZINC 2.311e+03   1.69e-38 -53.8    0        0        -53.8      0  3  3 0.17
  122 ZINC00009609 ZINC 2.273e+03   1.1e-38  -53.4    0        0        -53.4      0  3  3 0.34
  116 ZINC00009539 ZINC 2.314e+03   5.04e-38 -49.6    0        0        -49.6      0  3  3 0.03
  121 ZINC00009609 ZINC 2.104e+03   1.49e-38 -60.8    0        0        -60.8      0  3  3 0.32
  126 ZINC00000557 ZINC 1.978e+03   2.04e-38 -45.8    0        0        -45.8      0  3  3 0.45
  120 ZINC00009552 ZINC 2.571e+03   2.5e-38  -53      0        0        -53        0  3  3 0.26
  123 ZINC00006494 ZINC 2.028e+03   1.47e-38 -44.7    0        0        -44.7      0  3  3 0.37
  125 ZINC00006521 ZINC 2.147e+03   2.45e-38 -46.8    0        0        -46.8      0  3  3 0.14
  130 ZINC00004052 <0>1 1.232e+03   -44      -6.62    0        0        -50.7      1  3  3 0.04
  124 ZINC00006494 ZINC 1.969e+03   2.41e-38 -45.3    0        0        -45.3      0  3  3 0.51
  127 ZINC00001702 ZINC 2.046e+03   1.17e-38 -42      0        0        -42        0  3  3 0.57
  129 ZINC00004052 <0>1 1.127e+03   -49      -10.9    0        0        -60        0  3  3 0.11
  134 ZINC00004993 ZINC 2.467e+03   1.12e-38 -43.2    0        0        -43.2      0  3  3 0.20
  128 ZINC00003697 ZINC 1.961e+03   1.85e-38 -47.2    0        0        -47.2      0  3  3 0.38
  131 ZINC00004056 <0>1 1.318e+03   -49.3    -2.41    0        0        -51.7      0  3  3 0.08
  133 ZINC00004342 <0>1 1.230e+03   -48.4    -5.87    0        0        -54.2      3  3  3 0.01
  138 ZINC00006292 ZINC 2.227e+03   -7.43e-39 -39.4    0        0        -39.4      0  3  3 0.21
  132 ZINC00004072 <0>1 1.479e+03   -47.6    -6.41    0        0        -54        3  3  3 0.00
  135 ZINC00004993 ZINC 2.373e+03   2.75e-38 -43.1    0        0        -43.1      0  3  3 0.42
  137 ZINC00006284 ZINC 2.160e+03   8.1e-39  -41.2    0        0        -41.2      0  3  3 0.45
  142 ZINC00007127 <0>1 1.307e+03   -37.8    -11.2    0        0        -49        8  3  3 0.00
  136 ZINC00005429 ZINC 2.267e+03   2.3e-38  -48.5    0        0        -48.5      0  3  3 0.60
  139 ZINC00007127 <0>1 1.264e+03   -25.3    -9.59    0        0        -34.8     10  3  3 0.21
  141 ZINC00007127 <0>1 1.242e+03   -26.5    -11.8    0        0        -38.3      8  3  3 0.10
  146 ZINC00009781 ZINC 2.312e+03   2.17e-38 -43.9    0        0        -43.9      0  3  3 0.27
  140 ZINC00007127 <0>1 1.277e+03   -48.8    -9.05    0        0        -57.9      4  3  3 0.02
  143 ZINC00009203 <0>1 1.353e+03   -22.9    -8.88    0        0        -31.7      9  3  3 0.05
  145 ZINC00009599 <0>1 1.592e+03   -49.7    5.44     0        0        -44.2      6  3  3 0.00
  150 ZINC00000417 ZINC 2.065e+03   2.64e-38 -41.8    0        0        -41.8      0  3  3 0.30
  147 ZINC00000884 ZINC 2.116e+03   1.3e-38  -49      0        0        -49        0  3  3 0.49
  149 ZINC00001703 <0>1 1.201e+03   -9.63    -21.9    0        0        -31.6      9  3  3 0.22
  144 ZINC00009486 ZINC 2.231e+03   1.53e-38 -42      0        0        -42        0  3  3 0.46
  154 ZINC00004941 <0>1 1.371e+03   -59.4    0.362    0        0        -59        0  3  3 0.01
  151 ZINC00000417 ZINC 2.041e+03   2.25e-39 -40.6    0        0        -40.6      0  3  3 0.32
  153 ZINC00004896 <0>1 1.575e+03   -24.8    -11.8    0        0        -36.6      9  3  3 0.03
  148 ZINC00001703 <0>1 1.191e+03   -32.1    -24.5    0        0        -56.6     10  3  3 0.27
  158 ZINC00006545 ZINC 1.781e+03   1.49e-38 -37.1    0        0        -37.1      2  3  3 0.37
  155 ZINC00006545 ZINC 2.078e+03   2.1e-38  -50.2    0        0        -50.2      0  3  3 0.42
  157 ZINC00006545 ZINC 1.799e+03   7.76e-40 -55.6    0        0        -55.6      0  3  3 0.20
  152 ZINC00004896 <0>1 1.562e+03   -54.6    -1.91    0        0        -56.5      5  3  3 0.02
  162 ZINC00007404 ZINC 1.703e+03   1.69e-38 -39.3    0        0        -39.3      0  3  3 0.43
  161 ZINC00007404 ZINC 1.612e+03   5.96e-39 -33      0        0        -33        9  3  3 0.33
  156 ZINC00006545 ZINC 1.799e+03   8.93e-40 -55.6    0        0        -55.6      0  3  3 0.21
  166 ZINC00008844 ZINC 1.539e+03   8.47e-39 -34.3    0        0        -34.3      0  3  3 0.54
  159 ZINC00006921 <0>1 1.433e+03   -35      -6.79    0        0        -41.8      9  3  3 0.16
  165 ZINC00006561 ZINC 1.828e+03   7.74e-39 -43.4    0        0        -43.4      0  3  3 0.41
  160 ZINC00007346 <0>1 1.509e+03   -28.4    -8.61    0        0        -37        8  3  3 0.18
  170 ZINC00009168 <0>1 1.262e+03   -30.6    -12.7    0        0        -43.3      3  3  3 0.03
  163 ZINC00007936 UNL1 1.100e+03   -4.07    -20.8    0        0        -24.9      1  3  3 0.26
  169 ZINC00009168 <0>1 1.184e+03   -51.5    -14.1    0        0        -65.6      3  3  3 0.01
  164 ZINC00008315 ZINC 1.764e+03   1.97e-38 -38.5    0        0        -38.5      0  3  3 0.42
  174 ZINC00009223 <0>1 1.380e+03   -53.3    -3.49    0        0        -56.8      2  3  3 0.07
  167 ZINC00008998 <0>1 1.367e+03   -15.6    -12.8    0        0        -28.4      4  3  3 0.25
  173 ZINC00009168 <0>1 1.142e+03   -60.9    -6.69    0        0        -67.6      5  3  3 0.01
  168 ZINC00009146 ZINC 2.396e+03   1.23e-38 -48.8    0        0        -48.8      0  3  3 0.24
  178 ZINC00005702 <0>1 1.473e+03   -29.7    -7.63    0        0        -37.3      2  3  3 0.17
  171 ZINC00009168 <0>1 1.244e+03   -75      2.79     0        0        -72.2      9  3  3 0.02
  177 ZINC00000613 <0>1 1.265e+03   -19.6    -20.4    0        0        -40        9  3  3 0.24
  172 ZINC00009168 <0>1 1.195e+03   -63.3    -3.13    0        0        -66.4      5  3  3 0.01
  182 ZINC00003208 ZINC 2.192e+03   -1.94e-39 -43.7    0        0        -43.7      0  3  3 0.16
  175 ZINC00009508 ZINC 1.643e+03   1.07e-38 -40.4    0        0        -40.4      0  3  3 0.43
  181 ZINC00003166 ZINC 1.791e+03   7.9e-39  -46      0        0        -46        0  3  3 0.47
  176 ZINC00009540 <0>1 1.369e+03   -23.4    -8.43    0        0        -31.8      8  3  3 0.20
  186 ZINC00004094 ZINC 1.918e+03   8.75e-39 -50      0        0        -50        0  3  3 0.17
  179 ZINC00002060 ZINC 1.693e+03   3.84e-39 -51      0        0        -51        0  3  3 0.32
  185 ZINC00000692 ZINC 2.298e+03   9.01e-39 -44.3    0        0        -44.3      0  3  3 0.08
  180 ZINC00003166 ZINC 1.699e+03   9.49e-39 -46.8    0        0        -46.8      0  3  3 0.48
  190 ZINC00005482 ZINC 2.144e+03   1.96e-38 -42.3    0        0        -42.3      0  3  3 0.55
  183 ZINC00003208 ZINC 1.949e+03   6.53e-39 -52.3    0        0        -52.3      0  3  3 0.35
  189 ZINC00000107 UNL1 1.307e+03   -4.41    -24.4    0        0        -28.8      4  3  3 0.22
  184 ZINC00000692 ZINC 2.270e+03   1.38e-38 -44.8    0        0        -44.8      0  3  3 0.56
  194 ZINC00005817 ZINC 1.982e+03   2.32e-38 -45.2    0        0        -45.2      0  3  3 0.39
  187 ZINC00004094 ZINC 1.759e+03   -6.11e-39 -50.8    0        0        -50.8      0  3  3 0.05
  193 ZINC00005749 ZINC 1.942e+03   2.35e-38 -49.4    0        0        -49.4      0  3  3 0.15
  188 ZINC00000107 UNL1 1.307e+03   -6.93    -20.7    0        0        -27.6      6  3  3 0.17
  198 ZINC00006459 <0>1 1.566e+03   -45.2    -4.62    0        0        -49.8      5  3  3 0.01
  191 ZINC00005482 ZINC 2.160e+03   6.93e-39 -48.9    0        0        -48.9      0  3  3 0.21
  197 ZINC00006459 <0>1 1.634e+03   -12      -25      0        0        -36.9      8  3  3 0.62
  192 ZINC00005749 ZINC 2.022e+03   1.66e-38 -44.9    0        0        -44.9      0  3  3 0.10
  202 ZINC00006497 <0>1 1.688e+03   -31.9    -4.86    0        0        -36.7      5  3  3 0.01
  195 ZINC00005820 <0>1 1.549e+03   -44.2    -8.34    0        0        -52.5     10  3  3 0.12
  201 ZINC00006497 <0>1 1.578e+03   -56.7    -1.86    0        0        -58.6      3  3  3 0.06
  196 ZINC00001996 ZINC 2.294e+03   2.57e-38 -47.6    0        0        -47.6      0  3  3 0.22
  206 ZINC00006518 <0>1 1.548e+03   -28.2    -16.2    0        0        -44.4      4  3  3 0.28
  199 ZINC00006497 UNL1 1.308e+03   -12.5    -14.6    0        0        -27.1      8  3  3 0.13
  205 ZINC00006518 <0>1 1.492e+03   -75      2.91     0        0        -72.1      2  3  3 0.05
  200 ZINC00006497 UNL1 1.459e+03   -8.6     -26.6    0        0        -35.2      3  3  3 0.26
  210 ZINC00006518 <0>1 1.439e+03   -42.8    -3.52    0        0        -46.3      3  3  3 0.14
  203 ZINC00006500 ZINC 2.052e+03   1.49e-38 -56.7    0        0        -56.7      0  3  3 0.24
  209 ZINC00006518 <0>1 1.737e+03   -56.8    -0.728   0        0        -57.5      3  3  3 0.04
  204 ZINC00006500 ZINC 2.069e+03   1.09e-38 -46.6    0        0        -46.6      0  3  3 0.29
  214 ZINC00006546 <0>1 1.197e+03   -39.8    -10.8    0        0        -50.6      6  3  3 0.21
  207 ZINC00006518 <0>1 1.754e+03   -46.9    -18.2    0        0        -65.1      2  3  3 0.13
  213 ZINC00006546 <0>1 1.266e+03   -30.4    -15.2    0        0        -45.6      0  3  3 0.02
  208 ZINC00006518 <0>1 1.741e+03   -30      -17.8    0        0        -47.8     10  3  3 0.14
  218 ZINC00005566 <0>1 1.568e+03   -59.8    2.54     0        0        -57.3      8  3  3 0.02
  211 ZINC00006518 <0>1 1.491e+03   -41.6    -8.97    0        0        -50.6      8  3  3 0.24
  217 ZINC00005604 ZINC 1.917e+03   6.57e-39 -40.2    0        0        -40.2      0  3  3 0.52
  212 ZINC00006518 <0>1 1.704e+03   -45.4    -18.9    0        0        -64.4      7  3  3 0.12
  222 ZINC00000493 ZINC 1.883e+03   1.37e-38 -45.5    0        0        -45.5      0  3  3 0.25
  215 ZINC00004853 ZINC 2.228e+03   1.42e-38 -46.9    0        0        -46.9      0  3  3 0.68
  221 ZINC00007242 ZINC 1.820e+03   2.12e-38 -49.1    0        0        -49.1      0  3  3 0.18
  216 ZINC00005604 ZINC 1.728e+03   1.28e-38 -40.7    0        0        -40.7      0  3  3 0.25
  226 ZINC00008523 ZINC 1.983e+03   8.51e-39 -39.1    0        0        -39.1      0  3  3 0.15
  219 ZINC00005566 <0>1 1.618e+03   -18.7    -21.9    0        0        -40.7      5  3  3 0.31
  225 ZINC00008523 ZINC 1.939e+03   -7.66e-39 -43.4    0        0        -43.4      0  3  3 0.05
  220 ZINC00007242 ZINC 1.839e+03   3.77e-38 -49.1    0        0        -49.1      0  3  3 0.02
  230 ZINC00009270 ZINC 2.158e+03   2.99e-40 -58.2    0        0        -58.2      0  3  3 0.17
  223 ZINC00000362 <0>1 1.500e+03   -23.2    -15      0        0        -38.2      1  3  3 0.11
  229 ZINC00009270 ZINC 2.166e+03   3.15e-40 -59.6    0        0        -59.6      0  3  3 0.17
  224 ZINC00000362 <0>1 1.570e+03   -46.6    -7.12    0        0        -53.7      2  3  3 0.30
  234 ZINC00003334 <0>1 1.306e+03   -30.2    -16.1    0        0        -46.3     10  3  3 0.18
  227 ZINC00009130 ZINC 2.010e+03   2.22e-38 -42      0        0        -42        0  3  3 0.41
  233 ZINC00009622 <0>1 1.173e+03   -40.1    -9.67    0        0        -49.8      0  3  3 0.05
  228 ZINC00009270 ZINC 2.096e+03   -8.17e-40 -52.8    0        0        -52.8      0  3  3 0.16
  238 ZINC00000014 ZINC 1.736e+03   1.27e-38 -43.8    0        0        -43.8      0  3  3 0.44
  231 ZINC00009622 <0>1 1.243e+03   -60.2    -9.51    0        0        -69.7      7  3  3 0.19
  237 ZINC00006509 UNL1 1.342e+03   -7.68    -26.1    0        0        -33.7      1  3  3 0.45
  232 ZINC00009622 <0>1 1.287e+03   -17.8    -12.7    0        0        -30.6      8  3  3 0.09
  242 ZINC00001928 <0>1 1.248e+03   -46.4    -12.5    0        0        -58.9      9  3  3 0.01
  235 ZINC00003334 <0>1 1.306e+03   -9.94    -21.9    0        0        -31.8      5  3  3 0.40
  241 ZINC00001613 <0>1 1.535e+03   -49.3    4.6      0        0        -44.7      8  3  3 0.00
  236 ZINC00006509 UNL1 1.408e+03   -1.5     -31.9    0        0        -33.4      6  3  3 0.60
  246 ZINC00001266 ZINC 1.676e+03   3.27e-38 -45.6    0        0        -45.6      0  3  3 0.18
  239 ZINC00000014 ZINC 1.883e+03   1.19e-38 -42.9    0        0        -42.9      0  3  3 0.51
  245 ZINC00001928 <0>1 1.242e+03   -58.4    -6.81    0        0        -65.3      9  3  3 0.01
  240 ZINC00001613 <0>1 1.575e+03   -57.4    5.28     0        0        -52.1      8  3  3 0.01
  250 ZINC00001212 <0>1 1.237e+03   -61.5    -4.86    0        0        -66.4      2  3  3 0.00
  243 ZINC00001928 <0>1 1.291e+03   -46.5    -12.2    0        0        -58.7      9  3  3 0.04
  249 ZINC00001212 <0>1 1.307e+03   -26.8    -28.9    0        0        -55.7      9  3  3 0.30
  244 ZINC00001928 <0>1 1.359e+03   -54.6    -7.56    0        0        -62.1      4  3  3 0.03
  254 ZINC00002057 <0>1 1.348e+03   -24.4    -20.2    0        0        -44.5      0  3  3 0.37
  247 ZINC00001266 ZINC 1.675e+03   -6.1e-39 -53.2    0        0        -53.2      0  3  3 0.25
  253 ZINC00002030 ZINC 1.542e+03   -3.96e-39 -31.6    0        0        -31.6      7  3  3 0.26
  248 ZINC00001212 <0>1 1.293e+03   -22.8    -13      0        0        -35.9      6  3  3 0.00
  258 ZINC00003048 ZINC 2.386e+03   1.55e-38 -57.4    0        0        -57.4      0  3  3 0.41
  251 ZINC00001212 <0>1 1.255e+03   -54.1    -12.4    0        0        -66.5      0  3  3 0.21
  257 ZINC00002060 ZINC 1.909e+03   9.43e-39 -43.8    0        0        -43.8      0  3  3 0.45
  252 ZINC00002030 ZINC 1.567e+03   -2.11e-40 -41.8    0        0        -41.8      0  3  3 0.05
  262 ZINC00003535 <0>1 1.329e+03   -34.5    -16.3    0        0        -50.9      3  3  3 0.08
  255 ZINC00002057 <0>1 1.343e+03   -13.8    -15.8    0        0        -29.6      0  3  3 0.23
  261 ZINC00003250 <0>1 1.388e+03   -38.3    -10.1    0        0        -48.4      8  3  3 0.27
  256 ZINC00002057 <0>1 1.323e+03   -38.6    -8.56    0        0        -47.2      0  3  3 0.03
  266 ZINC00003800 <0>1 1.352e+03   -34.3    -18.3    0        0        -52.7      8  3  3 0.18
  259 ZINC00000673 ZINC 2.361e+03   1.99e-38 -59.8    0        0        -59.8      0  3  3 0.32
  265 ZINC00001314 ZINC 2.138e+03   1.27e-38 -47.7    0        0        -47.7      0  3  3 0.61
  260 ZINC00000673 ZINC 2.441e+03   1.12e-38 -51      0        0        -51        0  3  3 0.22
  270 ZINC00004954 <0>1 1.627e+03   -44      -10.2    0        0        -54.1      8  3  3 0.12
  263 ZINC00003535 <0>1 1.408e+03   -23      -15      0        0        -38        0  3  3 0.01
  269 ZINC00004865 ZINC 1.736e+03   5.49e-39 -45.5    0        0        -45.5      0  3  3 0.45
  264 ZINC00001314 ZINC 1.969e+03   2.4e-39  -50.6    0        0        -50.6      0  3  3 0.24
  274 ZINC00006494 ZINC 2.303e+03   1.29e-38 -54.2    0        0        -54.2      0  3  3 0.41
  267 ZINC00003800 <0>1 1.338e+03   -33.8    -2.9     0        0        -36.7      0  3  3 0.08
  273 ZINC00005840 ZINC 2.279e+03   1.34e-38 -44.8    0        0        -44.8      0  3  3 0.37
  268 ZINC00004865 ZINC 1.764e+03   1.02e-38 -39      0        0        -39        0  3  3 0.63
  271 ZINC00004954 <0>1 1.545e+03   -41.9    -0.943   0        0        -42.8      9  3  3 0.02
  277 ZINC00006494 ZINC 1.990e+03   1.24e-38 -42.9    0        0        -42.9      0  3  3 0.15
  272 ZINC00005708 ZINC 1.787e+03   8.61e-39 -40.6    0        0        -40.6      0  3  3 0.30
  278 ZINC00006942 ZINC 1.918e+03   3.56e-39 -43.3    0        0        -43.3      0  3  3 0.10
  281 ZINC00007363 ZINC 1.968e+03   7.79e-39 -41.5    0        0        -41.5      0  3  3 0.41
  275 ZINC00006494 ZINC 1.873e+03   1.53e-38 -49.1    0        0        -49.1      0  3  3 0.38
  276 ZINC00006494 ZINC 2.252e+03   1.84e-38 -51      0        0        -51        0  3  3 0.33
  282 ZINC00007363 ZINC 1.805e+03   7.54e-39 -40.8    0        0        -40.8      0  3  3 0.45
  285 ZINC00000488 ZINC 2.115e+03   9.18e-39 -56.7    0        0        -56.7      0  3  3 0.34
  280 ZINC00007363 ZINC 1.864e+03   1.98e-38 -42.4    0        0        -42.4      0  3  3 0.35
  286 ZINC00000488 ZINC 1.751e+03   7.9e-39  -35.3    0        0        -35.3      4  3  3 0.24
  279 ZINC00006942 ZINC 1.840e+03   1.87e-38 -57.6    0        0        -57.6      0  3  3 0.24
  289 ZINC00009539 ZINC 2.237e+03   7.91e-39 -38.9    0        0        -38.9      0  3  3 0.26
  284 ZINC00000419 ZINC 2.287e+03   6.78e-39 -49.9    0        0        -49.9      0  3  3 0.35
  290 ZINC00009539 ZINC 2.178e+03   -1.72e-38 -51.1    0        0        -51.1      0  3  3 0.06
  283 ZINC00000419 ZINC 2.311e+03   1.38e-38 -48.4    0        0        -48.4      0  3  3 0.19
  293 ZINC00009539 ZINC 2.231e+03   9.68e-39 -52.9    0        0        -52.9      0  3  3 0.24
  288 ZINC00008949 ZINC 1.730e+03   6.82e-39 -40.3    0        0        -40.3      0  3  3 0.47
  294 ZINC00009799 <0>1 1.131e+03   -23.8    -12.5    0        0        -36.3      0  3  3 0.21
  287 ZINC00008949 ZINC 1.763e+03   6.31e-39 -36.9    0        0        -36.9      0  3  3 0.51
  297 ZINC00000664 <0>1 1.261e+03   -69.7    -7.95    0        0        -77.6      7  3  3 0.10
  292 ZINC00009539 ZINC 2.215e+03   -1.58e-38 -51.7    0        0        -51.7      0  3  3 0.07
  298 ZINC00001934 <0>1 1.449e+03   -25.9    -16      0        0        -41.9      0  3  3 0.19
  291 ZINC00009539 ZINC 2.176e+03   1.12e-38 -53.1    0        0        -53.1      0  3  3 0.15
  301 ZINC00001955 ZINC 1.984e+03   2.39e-38 -48.5    0        0        -48.5      0  3  3 0.08
  296 ZINC00000506 <0>1 1.565e+03   -63.9    -3.7     0        0        -67.6      0  3  3 0.19
  302 ZINC00001981 <0>1 1.453e+03   -23.1    -9.4     0        0        -32.5     10  3  3 0.08
  295 ZINC00009799 <0>1 1.143e+03   -37.5    -11.7    0        0        -49.2      0  3  3 0.19
  305 ZINC00001976 ZINC 1.649e+03   1.38e-38 -41.2    0        0        -41.2      0  3  3 0.34
  300 ZINC00001955 ZINC 2.253e+03   2.23e-38 -50.8    0        0        -50.8      0  3  3 0.26
  306 ZINC00001976 ZINC 1.657e+03   2.28e-38 -44.4    0        0        -44.4      0  3  3 0.35
  299 ZINC00001934 <0>1 1.428e+03   -50.2    -7.92    0        0        -58.1      8  3  3 0.04
  309 ZINC00004424 ZINC 1.984e+03   4.52e-39 -45.3    0        0        -45.3      0  3  3 0.36
  304 ZINC00003265 ZINC 2.332e+03   -1.49e-38 -49.4    0        0        -49.4      0  3  3 0.08
  310 ZINC00004424 ZINC 1.955e+03   9.15e-39 -42.2    0        0        -42.2      0  3  3 0.54
  303 ZINC00001981 <0>1 1.295e+03   -49.3    -3.27    0        0        -52.5      7  3  3 0.04
  313 ZINC00006524 ZINC 1.893e+03   5.49e-39 -35.3    0        0        -35.3      0  3  3 0.31
  308 ZINC00003635 <0>1 1.289e+03   -69.4    1.15     0        0        -68.2      5  3  3 0.00
  314 ZINC00006524 ZINC 1.762e+03   1.48e-38 -43.3    0        0        -43.3      0  3  3 0.26
  307 ZINC00003635 <0>1 1.260e+03   -9.54    -23      0        0        -32.5     10  3  3 0.36
  317 ZINC00006538 <0>1 1.380e+03   -18.5    -14.5    0        0        -33.1      4  3  3 0.13
  312 ZINC00006264 ZINC 2.145e+03   -2.66e-39 -39.6    0        0        -39.6      0  3  3 0.19
  318 ZINC00006965 <0>1 1.486e+03   -56.4    -10.1    0        0        -66.5      0  3  3 0.16
  311 ZINC00004902 <0>1 1.190e+03   -47.5    -0.209   0        0        -47.7      3  3  3 0.01
  321 ZINC00007216 ZINC 2.067e+03   1.65e-38 -57.3    0        0        -57.3      0  3  3 0.29
  316 ZINC00006538 <0>1 1.314e+03   -65.4    0.51     0        0        -64.9      7  3  3 0.00
  322 ZINC00007216 ZINC 2.055e+03   2.83e-38 -53      0        0        -53        0  3  3 0.29
  315 ZINC00006538 <0>1 1.324e+03   -56.2    -12.8    0        0        -69        0  3  3 0.23
  325 ZINC00007748 ZINC 2.027e+03   2.08e-38 -48.7    0        0        -48.7      0  3  3 0.20
  326 ZINC00007748 ZINC 2.004e+03   -1.19e-38 -56.6    0        0        -56.6      0  3  3 0.10
  320 ZINC00007212 <0>1 1.259e+03   -24.8    -14.4    0        0        -39.3      8  3  3 0.40
  319 ZINC00007208 ZINC 2.052e+03   1.2e-38  -47.6    0        0        -47.6      0  3  3 0.26
  329 ZINC00008023 ZINC 1.793e+03   1.72e-38 -47.3    0        0        -47.3      0  3  3 0.35
  330 ZINC00008878 <0>1 1.456e+03   -32.5    -6.32    0        0        -38.8      0  3  3 0.03
  323 ZINC00007242 <0>1 1.285e+03   -31.6    -17      0        0        -48.6      0  3  3 0.14
  324 ZINC00007242 <0>1 1.245e+03   -22.9    -24.3    0        0        -47.2      0  3  3 0.42
  333 ZINC00009165 <0>1 1.429e+03   -41.5    -10.8    0        0        -52.3      0  3  3 0.14
  334 ZINC00009165 <0>1 1.429e+03   -43.9    -11.3    0        0        -55.2      0  3  3 0.11
  328 ZINC00007862 ZINC 2.325e+03   2.77e-38 -45.9    0        0        -45.9      0  3  3 0.28
  327 ZINC00007862 ZINC 2.384e+03   1.57e-38 -53.8    0        0        -53.8      0  3  3 0.36
  337 ZINC00009540 <0>1 1.438e+03   -22.5    -10.7    0        0        -33.2      0  3  3 0.18
  338 ZINC00009540 <0>1 1.329e+03   -14.4    -22.1    0        0        -36.4      9  3  3 0.17
  332 ZINC00009161 <0>1 1.296e+03   -40.7    -19.1    0        0        -59.8      0  3  3 0.37
  331 ZINC00008878 <0>1 1.456e+03   -35.8    -6       0        0        -41.8      0  3  3 0.26
  342 ZINC00009701 ZINC 2.402e+03   2.67e-38 -41.9    0        0        -41.9      0  3  3 0.26
  336 ZINC00009201 ZINC 2.307e+03   2.95e-38 -57.6    0        0        -57.6      0  3  3 0.32
  335 ZINC00009193 <0>1 1.369e+03   -47.3    -3.73    0        0        -51.1      3  3  3 0.05
  341 ZINC00009596 ZINC 1.605e+03   2.02e-38 -49.5    0        0        -49.5      0  3  3 0.31
  346 ZINC00009721 ZINC 1.723e+03   2.89e-38 -37.2    0        0        -37.2      4  3  3 0.29
  339 ZINC00009613 <0>1 1.346e+03   -31.1    -11.5    0        0        -42.6      6  3  3 0.27
  345 ZINC00009721 ZINC 2.232e+03   1.24e-38 -58.3    0        0        -58.3      0  3  3 0.40
  350 ZINC00001949 <0>1 1.279e+03   -31.4    -11.8    0        0        -43.2      2  3  3 0.04
  340 ZINC00009613 <0>1 1.372e+03   -39.6    -10.6    0        0        -50.2      6  3  3 0.03
  343 ZINC00009701 ZINC 1.931e+03   2.24e-38 -41.6    0        0        -41.6      0  3  3 0.28
  349 ZINC00001326 ZINC 1.656e+03   7.38e-39 -45      0        0        -45        0  3  3 0.38
  354 ZINC00005165 ZINC 2.150e+03   1.49e-38 -48.1    0        0        -48.1      0  3  3 0.38
  344 ZINC00009721 ZINC 2.002e+03   3.28e-38 -53.4    0        0        -53.4      0  3  3 0.13
  347 ZINC00009721 ZINC 1.985e+03   2e-38    -57.7    0        0        -57.7      0  3  3 0.42
  358 ZINC00005324 ZINC 2.344e+03   1.73e-38 -54.3    0        0        -54.3      0  3  3 0.54
  353 ZINC00004830 <0>1 1.620e+03   -29.9    -5.81    0        0        -35.7      4  3  3 0.01
  348 ZINC00009721 ZINC 1.731e+03   2.67e-38 -48.6    0        0        -48.6      3  3  3 0.37
  351 ZINC00001949 <0>1 1.336e+03   -43      -10.1    0        0        -53.1      7  3  3 0.08
  362 ZINC00007174 ZINC 1.847e+03   -3.86e-39 -61.7    0        0        -61.7      0  3  3 0.14
  357 ZINC00005324 ZINC 2.407e+03   1.09e-38 -48.9    0        0        -48.9      0  3  3 0.51
  352 ZINC00003743 ZINC 2.354e+03   1.18e-38 -45      0        0        -45        0  3  3 0.23
  355 ZINC00005165 ZINC 2.048e+03   4.02e-38 -59.6    0        0        -59.6      0  3  3 0.27
  366 ZINC00007216 ZINC 2.230e+03   1.41e-39 -52.6    0        0        -52.6      0  3  3 0.21
  361 ZINC00006977 <0>1 1.427e+03   -49.7    -10.2    0        0        -59.9      0  3  3 0.02
  356 ZINC00005324 ZINC 2.296e+03   2.29e-38 -52.8    0        0        -52.8      0  3  3 0.21
  359 ZINC00006284 ZINC 1.999e+03   3.39e-38 -35.9    0        0        -35.9      0  3  3 0.00
  370 ZINC00001956 <0>1 1.307e+03   -33.5    -16.5    0        0        -50        9  3  3 0.03
  365 ZINC00007214 ZINC 2.358e+03   1.14e-38 -55.4    0        0        -55.4      0  3  3 0.28
  360 ZINC00006291 ZINC 2.010e+03   1.41e-38 -39.4    0        0        -39.4      0  3  3 0.34
  363 ZINC00007174 ZINC 2.026e+03   3.27e-38 -49.4    0        0        -49.4      0  3  3 0.20
  374 ZINC00007242 ZINC 2.385e+03   3.4e-38  -44.5    0        0        -44.5      0  3  3 0.10
  369 ZINC00007235 <0>1 1.475e+03   -63.1    -3.25    0        0        -66.4      3  3  3 0.11
  364 ZINC00007214 ZINC 2.335e+03   -4.89e-39 -48.1    0        0        -48.1      0  3  3 0.23
  367 ZINC00007216 ZINC 2.182e+03   -7.04e-39 -48.7    0        0        -48.7      0  3  3 0.13
  378 ZINC00007734 ZINC 2.079e+03   9.69e-39 -44.7    0        0        -44.7      0  3  3 0.07
  373 ZINC00007242 <0>1 1.348e+03   -54.4    -5.38    0        0        -59.8      0  3  3 0.02
  368 ZINC00007235 <0>1 1.517e+03   -38.2    -7.4     0        0        -45.6      9  3  3 0.14
  382 ZINC00007767 <0>1 1.416e+03   -26.4    -15.9    0        0        -42.3      7  3  3 0.01
  377 ZINC00007734 ZINC 2.050e+03   8.09e-39 -43.1    0        0        -43.1      0  3  3 0.16
  372 ZINC00007242 <0>1 1.378e+03   -58.8    -10.5    0        0        -69.3      2  3  3 0.06
  371 ZINC00007242 <0>1 1.294e+03   -35      -17.1    0        0        -52.2      3  3  3 0.10
  386 ZINC00009141 ZINC 2.556e+03   3.23e-38 -60.1    0        0        -60.1      0  3  3 0.48
  381 ZINC00007767 <0>1 1.425e+03   -31.6    -19.6    0        0        -51.3      0  3  3 0.24
  376 ZINC00007243 ZINC 2.373e+03   1.07e-38 -46.2    0        0        -46.2      0  3  3 0.29
  375 ZINC00007242 ZINC 2.519e+03   4.08e-38 -43.8    0        0        -43.8      0  3  3 0.05
  390 ZINC00009291 ZINC 2.013e+03   1.39e-38 -43.2    0        0        -43.2      0  3  3 0.15
  380 ZINC00007767 <0>1 1.418e+03   -46.1    -6.88    0        0        -52.9      6  3  3 0.04
  379 ZINC00007767 <0>1 1.418e+03   -25.5    -13.5    0        0        -39        0  3  3 0.22
  394 ZINC00009712 <0>1 1.237e+03   -22.5    -12.9    0        0        -35.5      6  3  3 0.23
  385 ZINC00009141 ZINC 2.424e+03   2.01e-38 -66.6    0        0        -66.6      0  3  3 0.47
  384 ZINC00008973 ZINC 1.782e+03   1.09e-38 -46.6    0        0        -46.6      0  3  3 0.30
  383 ZINC00007767 <0>1 1.427e+03   -35.6    -8.97    0        0        -44.5     10  3  3 0.18
  398 ZINC00000884 ZINC 1.768e+03   2.23e-38 -51.1    0        0        -51.1      0  3  3 0.36
  389 ZINC00009184 ZINC 1.902e+03   5.55e-39 -48.3    0        0        -48.3      0  3  3 0.34
  388 ZINC00009184 ZINC 1.936e+03   1.94e-38 -50.5    0        0        -50.5      0  3  3 0.35
  402 ZINC00000954 ZINC 2.066e+03   -4.78e-39 -48.5    0        0        -48.5      0  3  3 0.23
  392 ZINC00009536 <0>1 1.309e+03   -50.4    -14.1    0        0        -64.6      1  3  3 0.17
  393 ZINC00009712 <0>1 1.252e+03   -22.8    -19.7    0        0        -42.6      5  3  3 0.10
  387 ZINC00009141 ZINC 2.387e+03   2.61e-38 -64.2    0        0        -64.2      0  3  3 0.48
  396 ZINC00000328 ZINC 2.015e+03   1.98e-38 -52.8    0        0        -52.8      0  3  3 0.45
  397 ZINC00000884 ZINC 2.130e+03   1.52e-38 -49.6    0        0        -49.6      0  3  3 0.34
  391 ZINC00009536 <0>1 1.305e+03   -30      -10.3    0        0        -40.4      1  3  3 0.07
  400 ZINC00001258 ZINC 2.337e+03   1.22e-38 -54.7    0        0        -54.7      0  3  3 0.43
  401 ZINC00000954 ZINC 2.364e+03   8.58e-39 -54.2    0        0        -54.2      0  3  3 0.41
  395 ZINC00000328 ZINC 2.220e+03   1.73e-38 -46.9    0        0        -46.9      0  3  3 0.22
  399 ZINC00001258 ZINC 2.066e+03   1.04e-38 -54      0        0        -54        0  3  3 0.40
  403 ZINC00001254 ZINC 2.274e+03   1.66e-38 -51.5    0        0        -51.5      0  3  3 0.28
