    1 ZINC00000381 <0>1 1.273e+03   0        -25.3    0        0        -25.3      9  3  3 0.24
    2 ZINC00001358 <0>1 1.215e+03   0        -33.6    0        0        -33.6      9  3  3 0.13
    3 ZINC00001358 <0>1 1.335e+03   0        -24.5    0        0        -24.5      5  3  3 0.24
    4 ZINC00003471 <0>1 1.377e+03   0        -28      0        0        -28       10  3  3 0.59
    5 ZINC00001344 <0>1 1.415e+03   0        -26.8    0        0        -26.8      8  3  3 0.69
    6 ZINC00001358 <0>1 1.338e+03   0        -33.5    0        0        -33.5      1  3  3 0.41
    8 ZINC00001344 ZINC 1.789e+03   0        -45.7    0        0        -45.7      0  3  3 0.66
    7 ZINC00003471 ZINC 1.762e+03   0        -41.5    0        0        -41.5      0  3  3 0.10
   10 ZINC00007217 ZINC 1.875e+03   0        -47.3    0        0        -47.3      0  3  3 0.35
    9 ZINC00002719 ZINC 1.727e+03   0        -41.2    0        0        -41.2      0  3  3 0.51
   12 ZINC00000381 <0>1 1.278e+03   0        -25      0        0        -25        2  3  3 0.23
   11 ZINC00001344 ZINC 1.749e+03   0        -43.6    0        0        -43.6      0  3  3 0.17
   14 ZINC00000607 ZINC 2.146e+03   0        -51      0        0        -51        0  3  3 0.20
   13 ZINC00001344 ZINC 1.950e+03   0        -46.1    0        0        -46.1      0  3  3 0.31
   16 ZINC00001572 ZINC 2.055e+03   0        -54      0        0        -54        0  3  3 0.35
   15 ZINC00001572 ZINC 2.175e+03   0        -61.8    0        0        -61.8      0  3  3 0.32
   18 ZINC00007230 <0>1 1.291e+03   0        -31.9    0        0        -31.9      4  3  3 0.41
   17 ZINC00001933 ZINC 2.498e+03   0        -42.4    0        0        -42.4      0  3  3 0.09
   20 ZINC00007230 <0>1 1.184e+03   0        -26      0        0        -26        3  3  3 0.27
   19 ZINC00007230 <0>1 1.316e+03   0        -33.5    0        0        -33.5      0  3  3 0.35
   22 ZINC00007230 <0>1 1.094e+03   0        -24.5    0        0        -24.5      0  3  3 0.27
   21 ZINC00007230 <0>1 1.310e+03   0        -33.4    0        0        -33.4      0  3  3 0.35
   24 ZINC00007919 ZINC 2.059e+03   0        -58.5    0        0        -58.5      0  3  3 0.38
   23 ZINC00007919 ZINC 2.060e+03   0        -55.5    0        0        -55.5      0  3  3 0.39
   26 ZINC00009551 <0>1 1.338e+03   0        -24.8    0        0        -24.8      5  3  3 0.18
   25 ZINC00009545 ZINC 2.107e+03   0        -54.9    0        0        -54.9      0  3  3 0.29
   28 ZINC00000210 <0>1 1.294e+03   0        -29      0        0        -29        0  3  3 0.50
   27 ZINC00000210 <0>1 1.292e+03   0        -26.1    0        0        -26.1      7  3  3 0.23
   30 ZINC00000210 ZINC 1.963e+03   0        -46      0        0        -46        0  3  3 0.26
   29 ZINC00000210 ZINC 1.973e+03   0        -41.9    0        0        -41.9      0  3  3 0.05
   31 ZINC00000212 ZINC 2.293e+03   0        -50.7    0        0        -50.7      0  3  3 0.16
   32 ZINC00000598 <0>1 1.178e+03   0        -28.6    0        0        -28.6      8  3  3 0.19
   33 ZINC00000191 ZINC 1.507e+03   0        -47.3    0        0        -47.3      0  3  3 0.29
   34 ZINC00000191 ZINC 1.800e+03   0        -52.8    0        0        -52.8      0  3  3 0.13
   35 ZINC00000639 ZINC 2.093e+03   0        -51.8    0        0        -51.8      0  3  3 0.30
   36 ZINC00000323 ZINC 1.815e+03   0        -52.7    0        0        -52.7      0  3  3 0.36
   37 ZINC00000323 ZINC 1.734e+03   0        -54.7    0        0        -54.7      0  3  3 0.20
   38 ZINC00000210 ZINC 2.259e+03   0        -52.4    0        0        -52.4      0  3  3 0.23
   39 ZINC00000211 ZINC 2.043e+03   0        -48.3    0        0        -48.3      0  3  3 0.20
   40 ZINC00000424 ZINC 1.949e+03   0        -54.1    0        0        -54.1      0  3  3 0.27
   41 ZINC00000424 ZINC 1.610e+03   0        -34.4    0        0        -34.4      9  3  3 0.27
   42 ZINC00001246 ZINC 2.188e+03   0        -48.8    0        0        -48.8      0  3  3 0.33
   43 ZINC00001246 ZINC 2.033e+03   0        -44.9    0        0        -44.9      0  3  3 0.31
   44 ZINC00000215 ZINC 2.252e+03   0        -54.1    0        0        -54.1      0  3  3 0.20
   45 ZINC00000210 ZINC 2.062e+03   0        -48.6    0        0        -48.6      0  3  3 0.29
   46 ZINC00001923 ZINC 2.100e+03   0        -40.2    0        0        -40.2      0  3  3 0.16
   47 ZINC00002353 ZINC 1.909e+03   0        -53      0        0        -53        0  3  3 0.19
   48 ZINC00002353 ZINC 1.809e+03   0        -44.4    0        0        -44.4      0  3  3 0.19
   49 ZINC00002487 ZINC 1.974e+03   0        -52.1    0        0        -52.1      0  3  3 0.45
   50 ZINC00002995 ZINC 2.133e+03   0        -41.8    0        0        -41.8      0  3  3 0.00
   51 ZINC00002995 ZINC 2.103e+03   0        -51.2    0        0        -51.2      0  3  3 0.13
   52 ZINC00003260 ZINC 1.836e+03   0        -44.5    0        0        -44.5      0  3  3 0.19
   53 ZINC00003260 ZINC 1.837e+03   0        -42.2    0        0        -42.2      0  3  3 0.00
   54 ZINC00003530 ZINC 2.031e+03   0        -47.7    0        0        -47.7      0  3  3 0.24
   55 ZINC00003530 ZINC 2.062e+03   0        -56.8    0        0        -56.8      0  3  3 0.31
   56 ZINC00003530 ZINC 1.868e+03   0        -33.5    0        0        -33.5      8  3  3 0.19
   57 ZINC00000458 ZINC 2.171e+03   0        -40.9    0        0        -40.9      0  3  3 0.22
   58 ZINC00000458 ZINC 2.097e+03   0        -39.6    0        0        -39.6      0  3  3 0.22
   59 ZINC00003682 ZINC 1.673e+03   0        -48.8    0        0        -48.8      0  3  3 0.12
   60 ZINC00000662 <0>1 1.367e+03   0        -26.9    0        0        -26.9      9  3  3 0.21
   61 ZINC00004823 ZINC 2.031e+03   0        -49      0        0        -49        0  3  3 0.36
   62 ZINC00004823 ZINC 2.030e+03   0        -52.3    0        0        -52.3      0  3  3 0.40
   63 ZINC00004823 ZINC 2.022e+03   0        -51.4    0        0        -51.4      0  3  3 0.36
   64 ZINC00004823 ZINC 2.031e+03   0        -43.7    0        0        -43.7      0  3  3 0.30
   66 ZINC00005816 ZINC 1.856e+03   0        -47.2    0        0        -47.2      0  3  3 0.26
   65 ZINC00005816 ZINC 2.017e+03   0        -46.3    0        0        -46.3      0  3  3 0.06
   68 ZINC00000069 ZINC 1.772e+03   0        -48      0        0        -48        0  3  3 0.29
   67 ZINC00001285 UNL1 1.371e+03   0        -29.1    0        0        -29.1      5  3  3 0.37
   70 ZINC00000103 <0>1 1.635e+03   0        -26.4    0        0        -26.4      0  3  3 0.13
   69 ZINC00000069 ZINC 1.970e+03   0        -53.5    0        0        -53.5      0  3  3 0.21
   71 ZINC00000103 <0>1 1.506e+03   0        -29.1    0        0        -29.1      8  3  3 0.47
   72 ZINC00001589 ZINC 1.738e+03   0        -49.6    0        0        -49.6      0  3  3 0.38
   73 ZINC00009637 ZINC 2.116e+03   0        -49.7    0        0        -49.7      0  3  3 0.38
   74 ZINC00009637 ZINC 1.984e+03   0        -45.7    0        0        -45.7      0  3  3 0.38
   75 ZINC00009808 ZINC 1.917e+03   0        -44.7    0        0        -44.7      0  3  3 0.03
   76 ZINC00009808 ZINC 1.918e+03   0        -44.7    0        0        -44.7      0  3  3 0.03
   77 ZINC00009808 ZINC 1.917e+03   0        -43.3    0        0        -43.3      0  3  3 0.02
   78 ZINC00009808 ZINC 2.040e+03   0        -44.8    0        0        -44.8      0  3  3 0.37
   79 ZINC00000968 ZINC 2.023e+03   0        -55.3    0        0        -55.3      0  3  3 0.31
   80 ZINC00000968 ZINC 2.598e+03   0        -49.1    0        0        -49.1      0  3  3 0.19
   81 ZINC00001179 ZINC 1.829e+03   0        -49      0        0        -49        0  3  3 0.31
   82 ZINC00001179 ZINC 2.252e+03   0        -48.6    0        0        -48.6      0  3  3 0.08
   83 ZINC00001223 ZINC 1.754e+03   0        -58.9    0        0        -58.9      0  3  3 0.21
   84 ZINC00001223 ZINC 2.015e+03   0        -48.3    0        0        -48.3      0  3  3 0.25
   85 ZINC00001350 ZINC 2.024e+03   0        -57.6    0        0        -57.6      0  3  3 0.29
   86 ZINC00001708 ZINC 2.371e+03   0        -45.8    0        0        -45.8      0  3  3 0.12
   87 ZINC00001708 ZINC 2.356e+03   0        -55.5    0        0        -55.5      0  3  3 0.45
   88 ZINC00001940 ZINC 2.318e+03   0        -55.1    0        0        -55.1      0  3  3 0.17
   89 ZINC00001940 ZINC 2.177e+03   0        -57.2    0        0        -57.2      0  3  3 0.18
   90 ZINC00001949 ZINC 2.006e+03   0        -52.2    0        0        -52.2      0  3  3 0.27
   91 ZINC00001949 ZINC 2.475e+03   0        -50.6    0        0        -50.6      0  3  3 0.25
   92 ZINC00001949 ZINC 2.323e+03   0        -50.2    0        0        -50.2      0  3  3 0.23
   93 ZINC00001949 ZINC 2.162e+03   0        -46.6    0        0        -46.6      0  3  3 0.03
   94 ZINC00001952 ZINC 2.544e+03   0        -49.5    0        0        -49.5      0  3  3 0.15
   95 ZINC00001952 ZINC 1.911e+03   0        -56.2    0        0        -56.2      0  3  3 0.28
   96 ZINC00001959 ZINC 2.238e+03   0        -53      0        0        -53        0  3  3 0.18
   97 ZINC00001959 ZINC 2.356e+03   0        -45.5    0        0        -45.5      0  3  3 0.07
   98 ZINC00002020 ZINC 2.371e+03   0        -46.6    0        0        -46.6      0  3  3 0.28
   99 ZINC00002020 ZINC 2.049e+03   0        -60.2    0        0        -60.2      0  3  3 0.33
  100 ZINC00001460 ZINC 2.203e+03   0        -56.4    0        0        -56.4      0  3  3 0.39
  101 ZINC00002115 ZINC 2.247e+03   0        -44.4    0        0        -44.4      0  3  3 0.16
  102 ZINC00002115 ZINC 2.160e+03   0        -46.1    0        0        -46.1      0  3  3 0.15
  103 ZINC00003275 ZINC 2.156e+03   0        -51      0        0        -51        0  3  3 0.19
  104 ZINC00003285 ZINC 2.343e+03   0        -38.5    0        0        -38.5      0  3  3 0.27
  105 ZINC00003291 ZINC 2.258e+03   0        -46.6    0        0        -46.6      0  3  3 0.18
  106 ZINC00003291 ZINC 2.200e+03   0        -51.9    0        0        -51.9      0  3  3 0.19
  107 ZINC00004005 ZINC 1.869e+03   0        -54.5    0        0        -54.5      0  3  3 0.15
  108 ZINC00005882 ZINC 2.177e+03   0        -54.6    0        0        -54.6      0  3  3 0.34
  109 ZINC00007231 ZINC 2.361e+03   0        -56.3    0        0        -56.3      0  3  3 0.31
  110 ZINC00007231 ZINC 2.015e+03   0        -56.5    0        0        -56.5      0  3  3 0.25
  111 ZINC00007231 ZINC 2.276e+03   0        -57.9    0        0        -57.9      0  3  3 0.17
  112 ZINC00007231 ZINC 2.281e+03   0        -56.5    0        0        -56.5      0  3  3 0.23
  113 ZINC00008580 ZINC 1.612e+03   0        -43.6    0        0        -43.6      2  3  3 0.20
  114 ZINC00008580 ZINC 1.908e+03   0        -55      0        0        -55        0  3  3 0.41
  115 ZINC00009539 ZINC 2.259e+03   0        -55.9    0        0        -55.9      0  3  3 0.24
  116 ZINC00009539 ZINC 2.314e+03   0        -56.8    0        0        -56.8      0  3  3 0.19
  117 ZINC00009552 ZINC 2.317e+03   0        -54.6    0        0        -54.6      0  3  3 0.19
  118 ZINC00009552 ZINC 2.319e+03   0        -49.4    0        0        -49.4      0  3  3 0.07
  119 ZINC00009552 ZINC 2.311e+03   0        -49.2    0        0        -49.2      0  3  3 0.35
  120 ZINC00009552 ZINC 2.571e+03   0        -55.5    0        0        -55.5      0  3  3 0.12
  121 ZINC00009609 ZINC 2.104e+03   0        -56.1    0        0        -56.1      0  3  3 0.23
  122 ZINC00009609 ZINC 2.273e+03   0        -53.5    0        0        -53.5      0  3  3 0.49
  123 ZINC00006494 ZINC 2.028e+03   0        -48.9    0        0        -48.9      0  3  3 0.35
  124 ZINC00006494 ZINC 1.969e+03   0        -50.2    0        0        -50.2      0  3  3 0.42
  125 ZINC00006521 ZINC 2.147e+03   0        -45.6    0        0        -45.6      0  3  3 0.15
  126 ZINC00000557 ZINC 1.978e+03   0        -40.1    0        0        -40.1      0  3  3 0.36
  127 ZINC00001702 ZINC 2.046e+03   0        -42.5    0        0        -42.5      0  3  3 0.47
  128 ZINC00003697 ZINC 1.961e+03   0        -45.3    0        0        -45.3      0  3  3 0.31
  129 ZINC00004052 <0>1 1.127e+03   0        -24.3    0        0        -24.3      0  3  3 0.53
  130 ZINC00004052 <0>1 1.232e+03   0        -29      0        0        -29        1  3  3 0.62
  131 ZINC00004056 <0>1 1.318e+03   0        -19.6    0        0        -19.6      0  3  3 0.15
  132 ZINC00004072 <0>1 1.475e+03   0        -23.8    0        0        -23.8      9  3  3 0.66
  133 ZINC00004342 <0>1 1.230e+03   0        -22.7    0        0        -22.7      3  3  3 0.63
  134 ZINC00004993 ZINC 2.467e+03   0        -46.1    0        0        -46.1      0  3  3 0.21
  135 ZINC00004993 ZINC 2.373e+03   0        -45.5    0        0        -45.5      0  3  3 0.47
  136 ZINC00005429 ZINC 2.267e+03   0        -47.4    0        0        -47.4      0  3  3 0.58
  137 ZINC00006284 ZINC 2.160e+03   0        -47.2    0        0        -47.2      0  3  3 0.39
  138 ZINC00006292 ZINC 2.227e+03   0        -41.3    0        0        -41.3      0  3  3 0.47
  139 ZINC00007127 <0>1 1.264e+03   0        -23.3    0        0        -23.3     10  3  3 0.25
  140 ZINC00007127 <0>1 1.277e+03   0        -23      0        0        -23        4  3  3 0.25
  141 ZINC00007127 <0>1 1.242e+03   0        -22.4    0        0        -22.4      8  3  3 0.23
  142 ZINC00007127 <0>1 1.307e+03   0        -23.2    0        0        -23.2      8  3  3 0.27
  143 ZINC00009203 <0>1 1.353e+03   0        -26.6    0        0        -26.6      9  3  3 0.48
  144 ZINC00009486 ZINC 2.231e+03   0        -47.8    0        0        -47.8      0  3  3 0.42
  145 ZINC00009599 <0>1 1.592e+03   0        -21.1    0        0        -21.1      6  3  3 0.15
  146 ZINC00009781 ZINC 2.312e+03   0        -43.2    0        0        -43.2      0  3  3 0.27
  147 ZINC00000884 ZINC 2.116e+03   0        -46.4    0        0        -46.4      0  3  3 0.45
  148 ZINC00001703 <0>1 1.191e+03   0        -25.7    0        0        -25.7     10  3  3 0.40
  149 ZINC00001703 <0>1 1.201e+03   0        -27.6    0        0        -27.6      9  3  3 0.31
  150 ZINC00000417 ZINC 2.065e+03   0        -44.1    0        0        -44.1      0  3  3 0.51
  151 ZINC00000417 ZINC 2.041e+03   0        -47.8    0        0        -47.8      0  3  3 0.49
  152 ZINC00004896 <0>1 1.591e+03   0        -26.1    0        0        -26.1      9  3  3 0.49
  153 ZINC00004896 <0>1 1.575e+03   0        -24.5    0        0        -24.5      9  3  3 0.47
  154 ZINC00004941 <0>1 1.371e+03   0        -23.5    0        0        -23.5      0  3  3 0.46
  155 ZINC00006545 ZINC 2.078e+03   0        -50.7    0        0        -50.7      0  3  3 0.44
  156 ZINC00006545 ZINC 1.799e+03   0        -49.2    0        0        -49.2      0  3  3 0.34
  157 ZINC00006545 ZINC 1.799e+03   0        -44.1    0        0        -44.1      0  3  3 0.38
  158 ZINC00006545 ZINC 1.781e+03   0        -35.1    0        0        -35.1      2  3  3 0.23
  160 ZINC00007346 <0>1 1.509e+03   0        -24.2    0        0        -24.2      8  3  3 0.33
  159 ZINC00006921 <0>1 1.433e+03   0        -25.3    0        0        -25.3      9  3  3 0.41
  162 ZINC00007404 ZINC 1.703e+03   0        -42.8    0        0        -42.8      0  3  3 0.44
  161 ZINC00007404 ZINC 1.612e+03   0        -28.2    0        0        -28.2      9  3  3 0.12
  164 ZINC00008315 ZINC 1.764e+03   0        -37.2    0        0        -37.2      0  3  3 0.43
  163 ZINC00007936 UNL1 1.100e+03   0        -18.9    0        0        -18.9      1  3  3 0.44
  166 ZINC00008844 ZINC 1.539e+03   0        -38.1    0        0        -38.1      0  3  3 0.52
  165 ZINC00006561 ZINC 1.828e+03   0        -36.3    0        0        -36.3      0  3  3 0.38
  168 ZINC00009146 ZINC 2.396e+03   0        -49.1    0        0        -49.1      0  3  3 0.46
  167 ZINC00008998 <0>1 1.367e+03   0        -24.9    0        0        -24.9      4  3  3 0.33
  170 ZINC00009168 <0>1 1.262e+03   0        -24      0        0        -24        3  3  3 0.74
  169 ZINC00009168 <0>1 1.184e+03   0        -27.7    0        0        -27.7      3  3  3 0.56
  172 ZINC00009168 <0>1 1.195e+03   0        -26.2    0        0        -26.2      5  3  3 0.74
  171 ZINC00009168 <0>1 1.244e+03   0        -26.8    0        0        -26.8      9  3  3 0.78
  174 ZINC00009223 <0>1 1.380e+03   0        -20.7    0        0        -20.7      2  3  3 0.14
  173 ZINC00009168 <0>1 1.142e+03   0        -24.5    0        0        -24.5      5  3  3 0.40
  176 ZINC00009540 <0>1 1.369e+03   0        -22.8    0        0        -22.8      8  3  3 0.43
  175 ZINC00009508 ZINC 1.643e+03   0        -36.4    0        0        -36.4      0  3  3 0.43
  178 ZINC00005702 <0>1 1.473e+03   0        -24.4    0        0        -24.4      2  3  3 0.47
  177 ZINC00000613 <0>1 1.265e+03   0        -25.4    0        0        -25.4      9  3  3 0.32
  180 ZINC00003166 ZINC 1.699e+03   0        -51.3    0        0        -51.3      0  3  3 0.53
  179 ZINC00002060 ZINC 1.693e+03   0        -46.6    0        0        -46.6      0  3  3 0.05
  182 ZINC00003208 ZINC 2.192e+03   0        -45.5    0        0        -45.5      0  3  3 0.46
  181 ZINC00003166 ZINC 1.791e+03   0        -46.6    0        0        -46.6      0  3  3 0.40
  184 ZINC00000692 ZINC 2.270e+03   0        -43.3    0        0        -43.3      0  3  3 0.32
  183 ZINC00003208 ZINC 1.949e+03   0        -47.2    0        0        -47.2      0  3  3 0.36
  186 ZINC00004094 ZINC 1.918e+03   0        -48.2    0        0        -48.2      0  3  3 0.46
  185 ZINC00000692 ZINC 2.298e+03   0        -42      0        0        -42        0  3  3 0.05
  188 ZINC00000107 UNL1 1.307e+03   0        -30.4    0        0        -30.4      6  3  3 0.49
  187 ZINC00004094 ZINC 1.759e+03   0        -47.7    0        0        -47.7      0  3  3 0.44
  190 ZINC00005482 ZINC 2.144e+03   0        -44.2    0        0        -44.2      0  3  3 0.55
  189 ZINC00000107 UNL1 1.307e+03   0        -28.9    0        0        -28.9      4  3  3 0.36
  192 ZINC00005749 ZINC 2.022e+03   0        -44      0        0        -44        0  3  3 0.15
  191 ZINC00005482 ZINC 2.160e+03   0        -47.1    0        0        -47.1      0  3  3 0.38
  194 ZINC00005817 ZINC 1.982e+03   0        -45.6    0        0        -45.6      0  3  3 0.21
  193 ZINC00005749 ZINC 1.942e+03   0        -49.2    0        0        -49.2      0  3  3 0.16
  196 ZINC00001996 ZINC 2.294e+03   0        -49.1    0        0        -49.1      0  3  3 0.30
  195 ZINC00005820 <0>1 1.549e+03   0        -31.9    0        0        -31.9     10  3  3 0.68
  198 ZINC00006459 <0>1 1.566e+03   0        -27.8    0        0        -27.8      5  3  3 0.55
  197 ZINC00006459 <0>1 1.634e+03   0        -22.5    0        0        -22.5      8  3  3 0.08
  200 ZINC00006497 UNL1 1.459e+03   0        -27.8    0        0        -27.8      3  3  3 0.51
  199 ZINC00006497 UNL1 1.308e+03   0        -28.4    0        0        -28.4      8  3  3 0.28
  202 ZINC00006497 <0>1 1.688e+03   0        -28.8    0        0        -28.8      5  3  3 0.39
  201 ZINC00006497 <0>1 1.578e+03   0        -31      0        0        -31        3  3  3 0.27
  204 ZINC00006500 ZINC 2.069e+03   0        -48.1    0        0        -48.1      0  3  3 0.29
  203 ZINC00006500 ZINC 2.052e+03   0        -51.5    0        0        -51.5      0  3  3 0.29
  206 ZINC00006518 <0>1 1.548e+03   0        -25.6    0        0        -25.6      4  3  3 0.29
  205 ZINC00006518 <0>1 1.711e+03   0        -29.7    0        0        -29.7      5  3  3 0.28
  208 ZINC00006518 <0>1 1.741e+03   0        -24.2    0        0        -24.2     10  3  3 0.34
  207 ZINC00006518 <0>1 1.754e+03   0        -29.8    0        0        -29.8      2  3  3 0.44
  210 ZINC00006518 <0>1 1.477e+03   0        -30      0        0        -30       10  3  3 0.36
  209 ZINC00006518 <0>1 1.737e+03   0        -25.9    0        0        -25.9      3  3  3 0.38
  212 ZINC00006518 <0>1 1.704e+03   0        -28.1    0        0        -28.1      7  3  3 0.46
  211 ZINC00006518 <0>1 1.672e+03   0        -26.8    0        0        -26.8      8  3  3 0.42
  214 ZINC00006546 <0>1 1.197e+03   0        -33.1    0        0        -33.1      6  3  3 0.46
  213 ZINC00006546 <0>1 1.266e+03   0        -33.2    0        0        -33.2      0  3  3 0.49
  216 ZINC00005604 ZINC 1.728e+03   0        -41.7    0        0        -41.7      0  3  3 0.41
  215 ZINC00004853 ZINC 2.228e+03   0        -45.3    0        0        -45.3      0  3  3 0.49
  218 ZINC00005566 <0>1 1.568e+03   0        -26      0        0        -26        8  3  3 0.38
  217 ZINC00005604 ZINC 1.917e+03   0        -41.5    0        0        -41.5      0  3  3 0.63
  220 ZINC00007242 ZINC 1.839e+03   0        -43.4    0        0        -43.4      0  3  3 0.25
  219 ZINC00005566 <0>1 1.618e+03   0        -27.5    0        0        -27.5      5  3  3 0.52
  222 ZINC00000493 ZINC 1.883e+03   0        -49.1    0        0        -49.1      0  3  3 0.24
  221 ZINC00007242 ZINC 1.820e+03   0        -42.4    0        0        -42.4      0  3  3 0.27
  224 ZINC00000362 <0>1 1.570e+03   0        -26.8    0        0        -26.8      2  3  3 0.49
  223 ZINC00000362 <0>1 1.500e+03   0        -28.2    0        0        -28.2      1  3  3 0.58
  226 ZINC00008523 ZINC 1.983e+03   0        -45.9    0        0        -45.9      0  3  3 0.55
  225 ZINC00008523 ZINC 1.939e+03   0        -43.8    0        0        -43.8      0  3  3 0.54
  228 ZINC00009270 ZINC 2.096e+03   0        -42.7    0        0        -42.7      0  3  3 0.12
  227 ZINC00009130 ZINC 2.010e+03   0        -35.8    0        0        -35.8      0  3  3 0.18
  230 ZINC00009270 ZINC 2.158e+03   0        -47.8    0        0        -47.8      0  3  3 0.02
  229 ZINC00009270 ZINC 2.166e+03   0        -48.1    0        0        -48.1      0  3  3 0.27
  232 ZINC00009622 <0>1 1.287e+03   0        -33.7    0        0        -33.7      8  3  3 0.44
  231 ZINC00009622 <0>1 1.243e+03   0        -31.7    0        0        -31.7      7  3  3 0.51
  234 ZINC00003334 <0>1 1.306e+03   0        -28.3    0        0        -28.3     10  3  3 0.05
  233 ZINC00009622 <0>1 1.173e+03   0        -24.3    0        0        -24.3      0  3  3 0.24
  236 ZINC00006509 UNL1 1.408e+03   0        -34.3    0        0        -34.3      6  3  3 0.66
  235 ZINC00003334 <0>1 1.306e+03   0        -28.9    0        0        -28.9      5  3  3 0.40
  238 ZINC00000014 ZINC 1.736e+03   0        -43.1    0        0        -43.1      0  3  3 0.35
  237 ZINC00006509 UNL1 1.342e+03   0        -29.4    0        0        -29.4      1  3  3 0.53
  240 ZINC00001613 <0>1 1.575e+03   0        -26.7    0        0        -26.7      8  3  3 0.64
  239 ZINC00000014 ZINC 1.883e+03   0        -37.2    0        0        -37.2      0  3  3 0.52
  242 ZINC00001928 <0>1 1.116e+03   0        -29.5    0        0        -29.5      5  3  3 0.32
  241 ZINC00001613 <0>1 1.535e+03   0        -24.8    0        0        -24.8      8  3  3 0.59
  244 ZINC00001928 <0>1 1.359e+03   0        -28.7    0        0        -28.7      4  3  3 0.62
  243 ZINC00001928 <0>1 1.291e+03   0        -26.7    0        0        -26.7      9  3  3 0.38
  246 ZINC00001266 ZINC 1.676e+03   0        -49.9    0        0        -49.9      0  3  3 0.28
  245 ZINC00001928 <0>1 1.124e+03   0        -29      0        0        -29        5  3  3 0.35
  248 ZINC00001212 <0>1 1.293e+03   0        -32.3    0        0        -32.3      6  3  3 0.53
  247 ZINC00001266 ZINC 1.675e+03   0        -49.1    0        0        -49.1      0  3  3 0.29
  250 ZINC00001212 <0>1 1.237e+03   0        -38.3    0        0        -38.3      2  3  3 0.39
  249 ZINC00001212 <0>1 1.307e+03   0        -31.4    0        0        -31.4      9  3  3 0.40
  252 ZINC00002030 ZINC 1.567e+03   0        -42.2    0        0        -42.2      0  3  3 0.41
  251 ZINC00001212 <0>1 1.255e+03   0        -30.8    0        0        -30.8      0  3  3 0.37
  254 ZINC00002057 <0>1 1.348e+03   0        -24.8    0        0        -24.8      0  3  3 0.38
  253 ZINC00002030 ZINC 1.542e+03   0        -26      0        0        -26        7  3  3 0.05
  256 ZINC00002057 <0>1 1.323e+03   0        -27.4    0        0        -27.4      0  3  3 0.14
  255 ZINC00002057 <0>1 1.343e+03   0        -24.7    0        0        -24.7      0  3  3 0.39
  258 ZINC00003048 ZINC 2.386e+03   0        -58.6    0        0        -58.6      0  3  3 0.39
  257 ZINC00002060 ZINC 1.909e+03   0        -45.1    0        0        -45.1      0  3  3 0.40
  260 ZINC00000673 ZINC 2.441e+03   0        -40.8    0        0        -40.8      0  3  3 0.17
  259 ZINC00000673 ZINC 2.361e+03   0        -60.5    0        0        -60.5      0  3  3 0.32
  262 ZINC00003535 <0>1 1.329e+03   0        -30.6    0        0        -30.6      3  3  3 0.49
  261 ZINC00003250 <0>1 1.388e+03   0        -23.1    0        0        -23.1      8  3  3 0.29
  264 ZINC00001314 ZINC 1.969e+03   0        -49.1    0        0        -49.1      0  3  3 0.31
  263 ZINC00003535 <0>1 1.408e+03   0        -25.6    0        0        -25.6      0  3  3 0.66
  266 ZINC00003800 <0>1 1.352e+03   0        -27.4    0        0        -27.4      8  3  3 0.32
  265 ZINC00001314 ZINC 2.138e+03   0        -48.6    0        0        -48.6      0  3  3 0.58
  268 ZINC00004865 ZINC 1.764e+03   0        -44.3    0        0        -44.3      0  3  3 0.52
  267 ZINC00003800 <0>1 1.338e+03   0        -26.3    0        0        -26.3      0  3  3 0.42
  270 ZINC00004954 <0>1 1.627e+03   0        -27.1    0        0        -27.1      8  3  3 0.50
  269 ZINC00004865 ZINC 1.736e+03   0        -41.8    0        0        -41.8      0  3  3 0.32
  272 ZINC00005708 ZINC 1.787e+03   0        -43.9    0        0        -43.9      0  3  3 0.40
  271 ZINC00004954 <0>1 1.545e+03   0        -27      0        0        -27        9  3  3 0.29
  274 ZINC00006494 ZINC 2.303e+03   0        -47.2    0        0        -47.2      0  3  3 0.17
  273 ZINC00005840 ZINC 2.279e+03   0        -47.2    0        0        -47.2      0  3  3 0.32
  276 ZINC00006494 ZINC 2.252e+03   0        -40      0        0        -40        0  3  3 0.36
  275 ZINC00006494 ZINC 1.873e+03   0        -51.8    0        0        -51.8      0  3  3 0.39
  277 ZINC00006494 ZINC 1.990e+03   0        -48.4    0        0        -48.4      0  3  3 0.28
  278 ZINC00006942 ZINC 1.918e+03   0        -44.9    0        0        -44.9      0  3  3 0.38
  280 ZINC00007363 ZINC 1.864e+03   0        -43.9    0        0        -43.9      0  3  3 0.49
  279 ZINC00006942 ZINC 1.840e+03   0        -39.1    0        0        -39.1      0  3  3 0.38
  282 ZINC00007363 ZINC 1.805e+03   0        -45.7    0        0        -45.7      0  3  3 0.51
  281 ZINC00007363 ZINC 1.968e+03   0        -45.1    0        0        -45.1      0  3  3 0.41
  284 ZINC00000419 ZINC 2.287e+03   0        -47.9    0        0        -47.9      0  3  3 0.20
  283 ZINC00000419 ZINC 2.311e+03   0        -47.5    0        0        -47.5      0  3  3 0.21
  286 ZINC00000488 ZINC 1.751e+03   0        -39.3    0        0        -39.3      4  3  3 0.26
  285 ZINC00000488 ZINC 2.115e+03   0        -48.8    0        0        -48.8      0  3  3 0.24
  288 ZINC00008949 ZINC 1.730e+03   0        -41.1    0        0        -41.1      0  3  3 0.47
  287 ZINC00008949 ZINC 1.763e+03   0        -38      0        0        -38        0  3  3 0.45
  290 ZINC00009539 ZINC 2.178e+03   0        -40.5    0        0        -40.5      0  3  3 0.09
  289 ZINC00009539 ZINC 2.237e+03   0        -41.4    0        0        -41.4      0  3  3 0.41
  292 ZINC00009539 ZINC 2.215e+03   0        -43.9    0        0        -43.9      0  3  3 0.10
  291 ZINC00009539 ZINC 2.176e+03   0        -43      0        0        -43        0  3  3 0.44
  294 ZINC00009799 <0>1 1.131e+03   0        -27      0        0        -27        0  3  3 0.50
  293 ZINC00009539 ZINC 2.231e+03   0        -45.6    0        0        -45.6      0  3  3 0.20
  296 ZINC00000506 <0>1 1.565e+03   0        -27.1    0        0        -27.1      0  3  3 0.67
  295 ZINC00009799 <0>1 1.143e+03   0        -23.1    0        0        -23.1      0  3  3 0.27
  298 ZINC00001934 <0>1 1.449e+03   0        -28.7    0        0        -28.7      0  3  3 0.13
  297 ZINC00000664 <0>1 1.261e+03   0        -24.4    0        0        -24.4      7  3  3 0.20
  300 ZINC00001955 ZINC 2.253e+03   0        -50.4    0        0        -50.4      0  3  3 0.27
  299 ZINC00001934 <0>1 1.428e+03   0        -27.9    0        0        -27.9      8  3  3 0.49
  302 ZINC00001981 <0>1 1.453e+03   0        -25      0        0        -25       10  3  3 0.47
  301 ZINC00001955 ZINC 1.984e+03   0        -49.9    0        0        -49.9      0  3  3 0.07
  304 ZINC00003265 ZINC 2.332e+03   0        -45.1    0        0        -45.1      0  3  3 0.23
  303 ZINC00001981 <0>1 1.295e+03   0        -33.3    0        0        -33.3      7  3  3 0.52
  306 ZINC00001976 ZINC 1.657e+03   0        -45.8    0        0        -45.8      0  3  3 0.34
  305 ZINC00001976 ZINC 1.649e+03   0        -44.2    0        0        -44.2      0  3  3 0.32
  308 ZINC00003635 <0>1 1.289e+03   0        -24      0        0        -24        5  3  3 0.17
  307 ZINC00003635 <0>1 1.260e+03   0        -26.2    0        0        -26.2     10  3  3 0.34
  310 ZINC00004424 ZINC 1.955e+03   0        -45.3    0        0        -45.3      0  3  3 0.65
  309 ZINC00004424 ZINC 1.984e+03   0        -40.2    0        0        -40.2      0  3  3 0.21
  312 ZINC00006264 ZINC 2.145e+03   0        -38.4    0        0        -38.4      0  3  3 0.26
  311 ZINC00004902 <0>1 1.190e+03   0        -31.2    0        0        -31.2      3  3  3 0.42
  314 ZINC00006524 ZINC 1.762e+03   0        -46.4    0        0        -46.4      0  3  3 0.35
  313 ZINC00006524 ZINC 1.893e+03   0        -38.6    0        0        -38.6      0  3  3 0.06
  316 ZINC00006538 <0>1 1.314e+03   0        -31.6    0        0        -31.6      7  3  3 0.20
  318 ZINC00006965 <0>1 1.519e+03   0        -22.9    0        0        -22.9     10  3  3 0.01
  315 ZINC00006538 <0>1 1.324e+03   0        -28      0        0        -28        0  3  3 0.19
  320 ZINC00007212 <0>1 1.259e+03   0        -27.2    0        0        -27.2      8  3  3 0.30
  317 ZINC00006538 <0>1 1.380e+03   0        -25.7    0        0        -25.7      4  3  3 0.24
  322 ZINC00007216 ZINC 2.055e+03   0        -47.7    0        0        -47.7      0  3  3 0.36
  319 ZINC00007208 ZINC 2.052e+03   0        -50.6    0        0        -50.6      0  3  3 0.44
  324 ZINC00007242 <0>1 1.245e+03   0        -28.2    0        0        -28.2      0  3  3 0.08
  321 ZINC00007216 ZINC 2.067e+03   0        -48.1    0        0        -48.1      0  3  3 0.35
  326 ZINC00007748 ZINC 2.004e+03   0        -49.5    0        0        -49.5      0  3  3 0.16
  323 ZINC00007242 <0>1 1.285e+03   0        -28.9    0        0        -28.9      0  3  3 0.02
  328 ZINC00007862 ZINC 2.325e+03   0        -48.1    0        0        -48.1      0  3  3 0.35
  325 ZINC00007748 ZINC 2.027e+03   0        -51.1    0        0        -51.1      0  3  3 0.20
  330 ZINC00008878 <0>1 1.456e+03   0        -25.5    0        0        -25.5      0  3  3 0.51
  327 ZINC00007862 ZINC 2.384e+03   0        -45.5    0        0        -45.5      0  3  3 0.08
  332 ZINC00009161 <0>1 1.296e+03   0        -23.6    0        0        -23.6      0  3  3 0.16
  329 ZINC00008023 ZINC 1.793e+03   0        -48.7    0        0        -48.7      0  3  3 0.31
  334 ZINC00009165 <0>1 1.429e+03   0        -30.5    0        0        -30.5      0  3  3 0.36
  331 ZINC00008878 <0>1 1.456e+03   0        -25.4    0        0        -25.4      0  3  3 0.51
  336 ZINC00009201 ZINC 2.307e+03   0        -43.1    0        0        -43.1      0  3  3 0.36
  333 ZINC00009165 <0>1 1.429e+03   0        -30.6    0        0        -30.6      0  3  3 0.34
  338 ZINC00009540 <0>1 1.329e+03   0        -33.3    0        0        -33.3      9  3  3 0.41
  335 ZINC00009193 <0>1 1.369e+03   0        -24.1    0        0        -24.1      3  3  3 0.67
  340 ZINC00009613 <0>1 1.372e+03   0        -26      0        0        -26        8  3  3 0.18
  337 ZINC00009540 <0>1 1.438e+03   0        -27      0        0        -27        0  3  3 0.36
  342 ZINC00009701 ZINC 2.402e+03   0        -40.8    0        0        -40.8      0  3  3 0.34
  339 ZINC00009613 <0>1 1.346e+03   0        -25.1    0        0        -25.1      6  3  3 0.17
  344 ZINC00009721 ZINC 2.002e+03   0        -46.9    0        0        -46.9      0  3  3 0.11
  341 ZINC00009596 ZINC 1.706e+03   0        -35.8    0        0        -35.8      7  3  3 0.50
  346 ZINC00009721 ZINC 1.723e+03   0        -39.1    0        0        -39.1      4  3  3 0.21
  343 ZINC00009701 ZINC 1.931e+03   0        -42      0        0        -42        0  3  3 0.28
  348 ZINC00009721 ZINC 1.731e+03   0        -50.4    0        0        -50.4      3  3  3 0.38
  345 ZINC00009721 ZINC 2.232e+03   0        -60.3    0        0        -60.3      0  3  3 0.41
  350 ZINC00001949 <0>1 1.279e+03   0        -30.8    0        0        -30.8      2  3  3 0.03
  347 ZINC00009721 ZINC 1.985e+03   0        -53.3    0        0        -53.3      0  3  3 0.43
  352 ZINC00003743 ZINC 2.354e+03   0        -47.4    0        0        -47.4      0  3  3 0.41
  349 ZINC00001326 ZINC 1.656e+03   0        -44.4    0        0        -44.4      0  3  3 0.42
  354 ZINC00005165 ZINC 2.150e+03   0        -51.3    0        0        -51.3      0  3  3 0.45
  351 ZINC00001949 <0>1 1.336e+03   0        -31.2    0        0        -31.2      7  3  3 0.59
  356 ZINC00005324 ZINC 2.296e+03   0        -43.2    0        0        -43.2      0  3  3 0.23
  353 ZINC00004830 <0>1 1.620e+03   0        -21.8    0        0        -21.8      4  3  3 0.26
  358 ZINC00005324 ZINC 2.344e+03   0        -55.4    0        0        -55.4      0  3  3 0.59
  355 ZINC00005165 ZINC 2.048e+03   0        -54.4    0        0        -54.4      0  3  3 0.42
  360 ZINC00006291 ZINC 2.010e+03   0        -45      0        0        -45        0  3  3 0.42
  357 ZINC00005324 ZINC 2.407e+03   0        -48      0        0        -48        0  3  3 0.58
  362 ZINC00007174 ZINC 1.847e+03   0        -53.8    0        0        -53.8      0  3  3 0.18
  359 ZINC00006284 ZINC 1.999e+03   0        -36.9    0        0        -36.9      0  3  3 0.10
  364 ZINC00007214 ZINC 2.335e+03   0        -53.7    0        0        -53.7      0  3  3 0.38
  361 ZINC00006977 <0>1 1.427e+03   0        -27.1    0        0        -27.1      0  3  3 0.45
  366 ZINC00007216 ZINC 2.230e+03   0        -46.7    0        0        -46.7      0  3  3 0.53
  363 ZINC00007174 ZINC 2.026e+03   0        -52.2    0        0        -52.2      0  3  3 0.21
  368 ZINC00007235 <0>1 1.517e+03   0        -26.4    0        0        -26.4      9  3  3 0.38
  365 ZINC00007214 ZINC 2.358e+03   0        -49.8    0        0        -49.8      0  3  3 0.34
  370 ZINC00001956 <0>1 1.307e+03   0        -33.7    0        0        -33.7      9  3  3 0.39
  367 ZINC00007216 ZINC 2.182e+03   0        -48.3    0        0        -48.3      0  3  3 0.46
  372 ZINC00007242 <0>1 1.378e+03   0        -25.3    0        0        -25.3      2  3  3 0.24
  369 ZINC00007235 <0>1 1.475e+03   0        -26.3    0        0        -26.3      3  3  3 0.59
  374 ZINC00007242 ZINC 2.385e+03   0        -46.2    0        0        -46.2      0  3  3 0.04
  371 ZINC00007242 <0>1 1.294e+03   0        -23.9    0        0        -23.9      3  3  3 0.41
  376 ZINC00007243 ZINC 2.373e+03   0        -50.1    0        0        -50.1      0  3  3 0.27
  378 ZINC00007734 ZINC 2.079e+03   0        -45.7    0        0        -45.7      0  3  3 0.32
  373 ZINC00007242 <0>1 1.348e+03   0        -37      0        0        -37        0  3  3 0.35
  380 ZINC00007767 <0>1 1.418e+03   0        -23.8    0        0        -23.8      6  3  3 0.21
  375 ZINC00007242 ZINC 2.519e+03   0        -41.8    0        0        -41.8      0  3  3 0.04
  382 ZINC00007767 <0>1 1.416e+03   0        -27.2    0        0        -27.2      7  3  3 0.27
  377 ZINC00007734 ZINC 2.050e+03   0        -43.3    0        0        -43.3      0  3  3 0.28
  384 ZINC00008973 ZINC 1.782e+03   0        -44.4    0        0        -44.4      0  3  3 0.24
  379 ZINC00007767 <0>1 1.418e+03   0        -32.8    0        0        -32.8      0  3  3 0.30
  386 ZINC00009141 ZINC 2.556e+03   0        -62.2    0        0        -62.2      0  3  3 0.47
  381 ZINC00007767 <0>1 1.425e+03   0        -28.3    0        0        -28.3      0  3  3 0.22
  388 ZINC00009184 ZINC 1.936e+03   0        -53      0        0        -53        0  3  3 0.46
  383 ZINC00007767 <0>1 1.427e+03   0        -30.4    0        0        -30.4     10  3  3 0.51
  390 ZINC00009291 ZINC 2.013e+03   0        -43      0        0        -43        0  3  3 0.33
  392 ZINC00009536 <0>1 1.309e+03   0        -32.3    0        0        -32.3      1  3  3 0.37
  385 ZINC00009141 ZINC 2.424e+03   0        -65      0        0        -65        0  3  3 0.42
  394 ZINC00009712 <0>1 1.237e+03   0        -29.3    0        0        -29.3      6  3  3 0.27
  387 ZINC00009141 ZINC 2.387e+03   0        -55.8    0        0        -55.8      0  3  3 0.31
  396 ZINC00000328 ZINC 2.015e+03   0        -46.3    0        0        -46.3      0  3  3 0.26
  389 ZINC00009184 ZINC 1.902e+03   0        -53.8    0        0        -53.8      0  3  3 0.44
  398 ZINC00000884 ZINC 1.768e+03   0        -56.3    0        0        -56.3      0  3  3 0.35
  391 ZINC00009536 <0>1 1.305e+03   0        -32.7    0        0        -32.7      1  3  3 0.37
  400 ZINC00001258 ZINC 2.337e+03   0        -48.4    0        0        -48.4      0  3  3 0.14
  393 ZINC00009712 <0>1 1.252e+03   0        -33      0        0        -33        5  3  3 0.35
  402 ZINC00000954 ZINC 2.066e+03   0        -41.2    0        0        -41.2      0  3  3 0.17
  395 ZINC00000328 ZINC 2.220e+03   0        -48.2    0        0        -48.2      0  3  3 0.48
  397 ZINC00000884 ZINC 2.130e+03   0        -54.8    0        0        -54.8      0  3  3 0.36
  399 ZINC00001258 ZINC 2.066e+03   0        -44.1    0        0        -44.1      0  3  3 0.20
  401 ZINC00000954 ZINC 2.364e+03   0        -52.3    0        0        -52.3      0  3  3 0.50
  403 ZINC00001254 ZINC 2.274e+03   0        -55.6    0        0        -55.6      0  3  3 0.28
