    1 ZINC00000381 <0>1 1.057e+03   -61.1    -9.25    0        0        -70.3      1  3  3 0.28
    3 ZINC00001358 <0>1 1.291e+03   -61.3    -17.4    0        0        -78.7      2  3  3 0.34
    4 ZINC00003471 <0>1 1.267e+03   -66.2    -19.8    0        0        -85.9      4  3  3 0.47
    2 ZINC00001358 <0>1 1.377e+03   -64.1    -14.9    0        0        -78.9      9  3  3 0.27
    5 ZINC00001344 <0>1 1.351e+03   -52.3    -3.69    0        0        -56        8  3  3 0.01
    8 ZINC00001344 ZINC 1.789e+03   1.69e-35 -45.7    0        0        -45.7      0  3  3 0.66
    6 ZINC00001358 <0>1 1.337e+03   -64.1    -8.84    0        0        -72.9      9  3  3 0.24
    7 ZINC00003471 ZINC 1.762e+03   2.57e-35 -42.1    0        0        -42.1      0  3  3 0.18
    9 ZINC00002719 ZINC 1.727e+03   1.2e-35  -41.3    0        0        -41.3      0  3  3 0.51
   12 ZINC00000381 <0>1 1.047e+03   -65.7    -3.86    0        0        -69.5      1  3  3 0.25
   10 ZINC00007217 ZINC 1.875e+03   1.55e-35 -47.7    0        0        -47.7      0  3  3 0.35
   11 ZINC00001344 ZINC 1.749e+03   2.38e-35 -45.2    0        0        -45.2      0  3  3 0.10
   13 ZINC00001344 ZINC 1.950e+03   1.18e-35 -46.8    0        0        -46.8      0  3  3 0.31
   16 ZINC00001572 ZINC 2.055e+03   2.5e-35  -46.9    0        0        -46.9      0  3  3 0.29
   14 ZINC00000607 ZINC 2.146e+03   3.22e-35 -51.5    0        0        -51.5      0  3  3 0.21
   15 ZINC00001572 ZINC 2.175e+03   3.55e-35 -52.1    0        0        -52.1      0  3  3 0.30
   17 ZINC00001933 ZINC 2.498e+03   2.7e-35  -42.4    0        0        -42.4      0  3  3 0.23
   20 ZINC00007230 <0>1 1.300e+03   -30.4    -13.9    0        0        -44.3      8  3  3 0.00
   19 ZINC00007230 <0>1 1.401e+03   -61.9    -6.02    0        0        -67.9      2  3  3 0.00
   18 ZINC00007230 <0>1 1.383e+03   -41.2    -13.4    0        0        -54.6      8  3  3 0.11
   21 ZINC00007230 <0>1 1.368e+03   -33.7    -19.8    0        0        -53.4     10  3  3 0.04
   23 ZINC00007919 ZINC 2.060e+03   2.11e-35 -52.4    0        0        -52.4      0  3  3 0.36
   22 ZINC00007230 <0>1 1.404e+03   -24.7    -16.3    0        0        -41.1      2  3  3 0.16
   25 ZINC00009545 ZINC 2.107e+03   2.72e-35 -55.3    0        0        -55.3      0  3  3 0.29
   27 ZINC00000210 <0>1 1.363e+03   -46.2    -15.4    0        0        -61.6      5  3  3 0.15
   26 ZINC00009551 <0>1 1.472e+03   -33.2    -9.8     0        0        -43        3  3  3 0.11
   24 ZINC00007919 ZINC 2.059e+03   2.04e-35 -51.4    0        0        -51.4      0  3  3 0.36
   29 ZINC00000210 ZINC 1.973e+03   1.65e-35 -47.3    0        0        -47.3      0  3  3 0.17
   31 ZINC00000212 ZINC 2.293e+03   2.15e-35 -44.7    0        0        -44.7      0  3  3 0.28
   30 ZINC00000210 ZINC 1.963e+03   1.75e-35 -40.1    0        0        -40.1      0  3  3 0.36
   33 ZINC00000191 ZINC 1.507e+03   1.74e-35 -46.6    0        0        -46.6      0  3  3 0.47
   35 ZINC00000639 ZINC 2.093e+03   2.51e-35 -45      0        0        -45        0  3  3 0.22
   28 ZINC00000210 <0>1 1.381e+03   -51      -9.93    0        0        -61       10  3  3 0.13
   34 ZINC00000191 ZINC 1.800e+03   7.03e-36 -44      0        0        -44        0  3  3 0.26
   39 ZINC00000211 ZINC 2.043e+03   2.68e-35 -44.4    0        0        -44.4      0  3  3 0.34
   37 ZINC00000323 ZINC 1.734e+03   2.2e-35  -54.5    0        0        -54.5      0  3  3 0.17
   38 ZINC00000210 ZINC 2.259e+03   2.7e-35  -53.7    0        0        -53.7      0  3  3 0.23
   32 ZINC00000598 <0>1 1.435e+03   -48.5    -16.8    0        0        -65.3      2  3  3 0.40
   43 ZINC00001246 ZINC 2.033e+03   1.02e-35 -58.2    0        0        -58.2      0  3  3 0.31
   41 ZINC00000424 ZINC 1.605e+03   1.7e-35  -52.8    0        0        -52.8      0  3  3 0.37
   42 ZINC00001246 ZINC 2.188e+03   2.56e-35 -45.8    0        0        -45.8      0  3  3 0.17
   47 ZINC00002353 ZINC 1.909e+03   2.79e-35 -46.4    0        0        -46.4      0  3  3 0.15
   36 ZINC00000323 ZINC 1.815e+03   2.27e-35 -53      0        0        -53        0  3  3 0.36
   45 ZINC00000210 ZINC 2.062e+03   2.33e-35 -44.8    0        0        -44.8      0  3  3 0.13
   46 ZINC00001923 ZINC 2.100e+03   2.71e-35 -43      0        0        -43        0  3  3 0.14
   51 ZINC00002995 ZINC 2.103e+03   1.36e-35 -52.5    0        0        -52.5      0  3  3 0.12
   40 ZINC00000424 ZINC 1.949e+03   2e-35    -54.4    0        0        -54.4      0  3  3 0.27
   49 ZINC00002487 ZINC 1.974e+03   2.37e-35 -52.3    0        0        -52.3      0  3  3 0.45
   50 ZINC00002995 ZINC 2.133e+03   2.38e-35 -42.4    0        0        -42.4      0  3  3 0.00
   55 ZINC00003530 ZINC 2.062e+03   2.68e-35 -48.9    0        0        -48.9      0  3  3 0.18
   44 ZINC00000215 ZINC 2.252e+03   1.66e-35 -43.5    0        0        -43.5      0  3  3 0.07
   53 ZINC00003260 ZINC 1.837e+03   2.25e-35 -43.1    0        0        -43.1      0  3  3 0.00
   54 ZINC00003530 ZINC 2.031e+03   2.56e-35 -47.9    0        0        -47.9      0  3  3 0.24
   59 ZINC00003682 ZINC 1.705e+03   1.74e-35 -32.6    0        0        -32.6      3  3  3 0.28
   48 ZINC00002353 ZINC 1.809e+03   1.62e-35 -45.3    0        0        -45.3      0  3  3 0.22
   57 ZINC00000458 ZINC 2.171e+03   1.66e-35 -41.4    0        0        -41.4      0  3  3 0.47
   58 ZINC00000458 ZINC 2.097e+03   1.26e-35 -38.7    0        0        -38.7      0  3  3 0.22
   63 ZINC00004823 ZINC 2.022e+03   2.04e-35 -52      0        0        -52        0  3  3 0.37
   52 ZINC00003260 ZINC 1.836e+03   1.81e-35 -45      0        0        -45        0  3  3 0.19
   61 ZINC00004823 ZINC 2.031e+03   6.9e-36  -43.3    0        0        -43.3      0  3  3 0.22
   62 ZINC00004823 ZINC 2.030e+03   6.49e-36 -44.7    0        0        -44.7      0  3  3 0.22
   56 ZINC00003530 ZINC 1.756e+03   2.55e-35 -36.4    0        0        -36.4      5  3  3 0.16
   65 ZINC00005816 ZINC 2.017e+03   2.45e-35 -48.3    0        0        -48.3      0  3  3 0.06
   66 ZINC00005816 ZINC 1.856e+03   1.37e-35 -48.2    0        0        -48.2      0  3  3 0.27
   67 ZINC00001285 UNL1 1.349e+03   -7.88    -23.9    0        0        -31.8      3  3  3 0.09
   60 ZINC00000662 <0>1 1.432e+03   -42.6    -23.2    0        0        -65.8      7  3  3 0.18
   69 ZINC00000069 ZINC 1.970e+03   2.52e-35 -50      0        0        -50        0  3  3 0.16
   70 ZINC00000103 <0>1 1.635e+03   -41.4    -5.09    0        0        -46.4      0  3  3 0.01
   71 ZINC00000103 <0>1 1.473e+03   -50.8    -6.99    0        0        -57.8      6  3  3 0.03
   64 ZINC00004823 ZINC 2.031e+03   7.75e-36 -44.7    0        0        -44.7      0  3  3 0.22
   73 ZINC00009637 ZINC 2.116e+03   2.56e-35 -49.4    0        0        -49.4      0  3  3 0.40
   74 ZINC00009637 ZINC 1.984e+03   1.96e-35 -47.3    0        0        -47.3      0  3  3 0.36
   75 ZINC00009808 ZINC 1.917e+03   2.25e-35 -43.2    0        0        -43.2      0  3  3 0.17
   68 ZINC00000069 ZINC 1.911e+03   2.3e-35  -32.9    0        0        -32.9      3  3  3 0.07
   77 ZINC00009808 ZINC 1.917e+03   2.1e-35  -44.3    0        0        -44.3      0  3  3 0.02
   78 ZINC00009808 ZINC 2.040e+03   2.24e-35 -42.6    0        0        -42.6      0  3  3 0.18
   79 ZINC00000968 ZINC 2.023e+03   2.73e-35 -55      0        0        -55        0  3  3 0.44
   72 ZINC00001589 ZINC 1.738e+03   1.51e-35 -48.8    0        0        -48.8      0  3  3 0.36
   81 ZINC00001179 ZINC 1.829e+03   1.65e-35 -47.9    0        0        -47.9      0  3  3 0.26
   82 ZINC00001179 ZINC 2.252e+03   1.63e-35 -45.7    0        0        -45.7      0  3  3 0.20
   83 ZINC00001223 ZINC 1.754e+03   2.14e-35 -47.7    0        0        -47.7      0  3  3 0.23
   76 ZINC00009808 ZINC 1.918e+03   5.93e-36 -40.6    0        0        -40.6      0  3  3 0.32
   85 ZINC00001350 ZINC 2.024e+03   1.13e-35 -42.6    0        0        -42.6      0  3  3 0.13
   86 ZINC00001708 ZINC 2.371e+03   2.25e-35 -44.7    0        0        -44.7      0  3  3 0.27
   87 ZINC00001708 ZINC 2.356e+03   2.44e-35 -43.4    0        0        -43.4      0  3  3 0.27
   80 ZINC00000968 ZINC 2.598e+03   1.51e-36 -47.2    0        0        -47.2      0  3  3 0.12
   89 ZINC00001940 ZINC 2.177e+03   2.43e-35 -46.6    0        0        -46.6      0  3  3 0.01
   90 ZINC00001949 ZINC 2.006e+03   2.43e-35 -52.6    0        0        -52.6      0  3  3 0.24
   91 ZINC00001949 ZINC 2.475e+03   2.38e-35 -48.8    0        0        -48.8      0  3  3 0.12
   84 ZINC00001223 ZINC 2.015e+03   2.1e-35  -44.5    0        0        -44.5      0  3  3 0.24
   93 ZINC00001949 ZINC 2.162e+03   1.33e-35 -46.5    0        0        -46.5      0  3  3 0.22
   94 ZINC00001952 ZINC 2.544e+03   2.63e-35 -48.6    0        0        -48.6      0  3  3 0.34
   95 ZINC00001952 ZINC 1.911e+03   2.56e-35 -55.4    0        0        -55.4      0  3  3 0.28
   88 ZINC00001940 ZINC 2.318e+03   -2.75e-36 -44.4    0        0        -44.4      0  3  3 0.12
   98 ZINC00002020 ZINC 2.371e+03   2.6e-35  -65.3    0        0        -65.3      0  3  3 0.49
   99 ZINC00002020 ZINC 2.049e+03   2.12e-35 -57.9    0        0        -57.9      0  3  3 0.31
   92 ZINC00001949 ZINC 2.323e+03   2.25e-35 -51.5    0        0        -51.5      0  3  3 0.22
  102 ZINC00002115 ZINC 2.160e+03   1.53e-35 -48.2    0        0        -48.2      0  3  3 0.16
  103 ZINC00003275 ZINC 2.156e+03   1.39e-35 -50.7    0        0        -50.7      0  3  3 0.18
   96 ZINC00001959 ZINC 2.238e+03   1.38e-35 -53.5    0        0        -53.5      0  3  3 0.18
  107 ZINC00004005 ZINC 1.869e+03   2.15e-35 -50.2    0        0        -50.2      0  3  3 0.09
   97 ZINC00001959 ZINC 2.356e+03   9.61e-36 -43.2    0        0        -43.2      0  3  3 0.19
  106 ZINC00003291 ZINC 2.200e+03   2.78e-35 -53      0        0        -53        0  3  3 0.16
  100 ZINC00001460 ZINC 2.203e+03   2.29e-35 -41.3    0        0        -41.3      0  3  3 0.04
  111 ZINC00007231 ZINC 2.276e+03   2.62e-35 -58.6    0        0        -58.6      0  3  3 0.18
  104 ZINC00003285 ZINC 2.343e+03   2.29e-35 -48.1    0        0        -48.1      0  3  3 0.24
  101 ZINC00002115 ZINC 2.247e+03   4.98e-36 -44.6    0        0        -44.6      0  3  3 0.16
  115 ZINC00009539 ZINC 2.259e+03   2.35e-35 -45.6    0        0        -45.6      0  3  3 0.15
  108 ZINC00005882 ZINC 2.177e+03   1.3e-35  -47.8    0        0        -47.8      0  3  3 0.38
  119 ZINC00009552 ZINC 2.311e+03   2.15e-35 -49.5    0        0        -49.5      0  3  3 0.35
  110 ZINC00007231 ZINC 2.015e+03   1.53e-35 -58.7    0        0        -58.7      0  3  3 0.25
  105 ZINC00003291 ZINC 2.258e+03   1.74e-35 -47      0        0        -47        0  3  3 0.18
  112 ZINC00007231 ZINC 2.281e+03   2.69e-35 -57.8    0        0        -57.8      0  3  3 0.13
  123 ZINC00006494 ZINC 2.028e+03   1.32e-35 -43.5    0        0        -43.5      0  3  3 0.26
  109 ZINC00007231 ZINC 2.361e+03   2.65e-35 -54.7    0        0        -54.7      0  3  3 0.19
  114 ZINC00008580 ZINC 1.908e+03   2.26e-35 -44.7    0        0        -44.7      0  3  3 0.15
  116 ZINC00009539 ZINC 2.314e+03   2.71e-35 -47.6    0        0        -47.6      0  3  3 0.18
  127 ZINC00001702 ZINC 2.046e+03   2.59e-36 -37.2    0        0        -37.2      0  3  3 0.21
  113 ZINC00008580 ZINC 1.580e+03   7.67e-36 -46.8    0        0        -46.8      0  3  3 0.28
  118 ZINC00009552 ZINC 2.319e+03   2.09e-35 -50.6    0        0        -50.6      0  3  3 0.34
  120 ZINC00009552 ZINC 2.571e+03   1.88e-35 -57.3    0        0        -57.3      0  3  3 0.35
  131 ZINC00004056 <0>1 1.318e+03   -54.4    -12.4    0        0        -66.8      0  3  3 0.38
  117 ZINC00009552 ZINC 2.317e+03   2.11e-35 -51.7    0        0        -51.7      0  3  3 0.35
  122 ZINC00009609 ZINC 2.273e+03   1.39e-35 -52.2    0        0        -52.2      0  3  3 0.25
  135 ZINC00004993 ZINC 2.373e+03   2.39e-35 -40.5    0        0        -40.5      0  3  3 0.28
  121 ZINC00009609 ZINC 2.104e+03   2.88e-35 -56.8    0        0        -56.8      0  3  3 0.24
  126 ZINC00000557 ZINC 1.978e+03   9.75e-36 -44.3    0        0        -44.3      0  3  3 0.21
  139 ZINC00007127 <0>1 1.189e+03   -28.6    -9.63    0        0        -38.2      8  3  3 0.15
  124 ZINC00006494 ZINC 1.969e+03   2.35e-35 -44      0        0        -44        0  3  3 0.51
  125 ZINC00006521 ZINC 2.147e+03   2.8e-36  -49      0        0        -49        0  3  3 0.19
  130 ZINC00004052 <0>1 1.215e+03   -42.9    -5.03    0        0        -47.9      8  3  3 0.03
  128 ZINC00003697 ZINC 1.961e+03   2.3e-35  -41.9    0        0        -41.9      0  3  3 0.29
  143 ZINC00009203 <0>1 1.403e+03   -14.3    -15.8    0        0        -30.1      9  3  3 0.03
  129 ZINC00004052 <0>1 1.338e+03   -64.8    -5.4     0        0        -70.2      2  3  3 0.29
  134 ZINC00004993 ZINC 2.467e+03   1.35e-35 -46.4    0        0        -46.4      0  3  3 0.21
  132 ZINC00004072 <0>1 1.474e+03   -62.8    1.51     0        0        -61.3      8  3  3 0.01
  147 ZINC00000884 ZINC 2.116e+03   2.02e-35 -46.1    0        0        -46.1      0  3  3 0.57
  133 ZINC00004342 <0>1 1.266e+03   -56.2    -4.31    0        0        -60.5      7  3  3 0.08
  138 ZINC00006292 ZINC 2.227e+03   1.51e-35 -43.7    0        0        -43.7      0  3  3 0.13
  136 ZINC00005429 ZINC 2.267e+03   8.8e-36  -38.1    0        0        -38.1      0  3  3 0.31
  151 ZINC00000417 ZINC 2.041e+03   1.77e-35 -47.8    0        0        -47.8      0  3  3 0.49
  137 ZINC00006284 ZINC 2.160e+03   1.67e-35 -39.8    0        0        -39.8      0  3  3 0.47
  142 ZINC00007127 <0>1 1.256e+03   -38.9    -1.55    0        0        -40.4      6  3  3 0.00
  140 ZINC00007127 <0>1 1.290e+03   -40.5    -13.2    0        0        -53.8      9  3  3 0.00
  155 ZINC00006545 ZINC 2.078e+03   1.8e-35  -44.8    0        0        -44.8      0  3  3 0.38
  141 ZINC00007127 <0>1 1.247e+03   -31.1    -11.7    0        0        -42.8      6  3  3 0.03
  146 ZINC00009781 ZINC 2.312e+03   2.54e-35 -44.3    0        0        -44.3      0  3  3 0.49
  145 ZINC00009599 <0>1 1.562e+03   -25.6    -10.9    0        0        -36.6      1  3  3 0.26
  150 ZINC00000417 ZINC 2.065e+03   1.71e-35 -44.2    0        0        -44.2      0  3  3 0.51
  159 ZINC00006921 <0>1 1.470e+03   -39.4    -6.7     0        0        -46.1      9  3  3 0.03
  149 ZINC00001703 <0>1 1.385e+03   -12.7    -16.8    0        0        -29.5      9  3  3 0.14
  163 ZINC00007936 UNL1 1.096e+03   0.687    -26.5    0        0        -25.8      1  3  3 0.57
  154 ZINC00004941 <0>1 1.380e+03   -52.4    -16.6    0        0        -69.1      5  3  3 0.60
  144 ZINC00009486 ZINC 2.231e+03   1.92e-35 -41      0        0        -41        0  3  3 0.40
  167 ZINC00008998 <0>1 1.417e+03   -18      -14.5    0        0        -32.5      5  3  3 0.00
  153 ZINC00004896 <0>1 1.637e+03   -37.5    -3.89    0        0        -41.4      6  3  3 0.06
  148 ZINC00001703 <0>1 1.164e+03   -41      -21.6    0        0        -62.6      6  3  3 0.28
  158 ZINC00006545 ZINC 1.823e+03   9.13e-36 -37.6    0        0        -37.6      8  3  3 0.25
  171 ZINC00009168 <0>1 1.195e+03   -79      6.51     0        0        -72.5      1  3  3 0.03
  152 ZINC00004896 <0>1 1.529e+03   -48.3    -17.3    0        0        -65.6     10  3  3 0.53
  162 ZINC00007404 ZINC 1.703e+03   1.5e-35  -42.9    0        0        -42.9      0  3  3 0.44
  157 ZINC00006545 ZINC 1.817e+03   9.94e-36 -31.3    0        0        -31.3     10  3  3 0.29
  175 ZINC00009508 ZINC 1.745e+03   7.17e-36 -35.5    0        0        -35.5      0  3  3 0.27
  166 ZINC00008844 ZINC 1.539e+03   1.24e-35 -38.1    0        0        -38.1      0  3  3 0.52
  161 ZINC00007404 ZINC 1.513e+03   1.26e-35 -27.4    0        0        -27.4      2  3  3 0.33
  156 ZINC00006545 ZINC 1.859e+03   1.79e-35 -31.2    0        0        -31.2      2  3  3 0.35
  170 ZINC00009168 <0>1 1.233e+03   -38.1    -8.34    0        0        -46.4      3  3  3 0.04
  179 ZINC00002060 ZINC 1.693e+03   2.17e-35 -45.6    0        0        -45.6      0  3  3 0.06
  165 ZINC00006561 ZINC 1.828e+03   2.18e-35 -43.1    0        0        -43.1      0  3  3 0.49
  160 ZINC00007346 <0>1 1.536e+03   -31.9    -4.76    0        0        -36.7     10  3  3 0.00
  174 ZINC00009223 <0>1 1.341e+03   -59.2    -3.42    0        0        -62.6      9  3  3 0.27
  183 ZINC00003208 ZINC 1.949e+03   1.48e-35 -47.3    0        0        -47.3      0  3  3 0.36
  169 ZINC00009168 <0>1 1.133e+03   -34.5    -18.3    0        0        -52.7      6  3  3 0.01
  164 ZINC00008315 ZINC 1.764e+03   1.04e-35 -36.8    0        0        -36.8      0  3  3 0.47
  178 ZINC00005702 <0>1 1.486e+03   -30.8    -7.75    0        0        -38.5      7  3  3 0.01
  173 ZINC00009168 <0>1 1.138e+03   -56.2    -3.7     0        0        -59.9      6  3  3 0.03
  187 ZINC00004094 ZINC 1.759e+03   1.88e-35 -37.3    0        0        -37.3      0  3  3 0.13
  168 ZINC00009146 ZINC 2.396e+03   2.48e-35 -47.3    0        0        -47.3      0  3  3 0.50
  182 ZINC00003208 ZINC 2.192e+03   2.22e-35 -45.5    0        0        -45.5      0  3  3 0.47
  177 ZINC00000613 <0>1 1.326e+03   -13.1    -16.8    0        0        -29.9      2  3  3 0.14
  172 ZINC00009168 <0>1 1.199e+03   -61.1    -0.222   0        0        -61.3      7  3  3 0.05
  191 ZINC00005482 ZINC 2.160e+03   2.28e-35 -47.2    0        0        -47.2      0  3  3 0.38
  181 ZINC00003166 ZINC 1.791e+03   1.81e-35 -44.6    0        0        -44.6      0  3  3 0.44
  176 ZINC00009540 <0>1 1.384e+03   -24.3    -13      0        0        -37.3      7  3  3 0.09
  195 ZINC00005820 <0>1 1.497e+03   -31.6    -11.4    0        0        -43       10  3  3 0.26
  185 ZINC00000692 ZINC 2.298e+03   2.14e-35 -41.6    0        0        -41.6      0  3  3 0.01
  180 ZINC00003166 ZINC 1.699e+03   1.54e-35 -48.7    0        0        -48.7      0  3  3 0.49
  199 ZINC00006497 UNL1 1.313e+03   -6.89    -17.9    0        0        -24.8      3  3  3 0.26
  186 ZINC00004094 ZINC 1.918e+03   1.45e-35 -49      0        0        -49        0  3  3 0.47
  189 ZINC00000107 UNL1 1.314e+03   -8.71    -22      0        0        -30.7      1  3  3 0.20
  184 ZINC00000692 ZINC 2.270e+03   2.11e-35 -41.5    0        0        -41.5      0  3  3 0.01
  203 ZINC00006500 ZINC 2.052e+03   1.7e-35  -47.3    0        0        -47.3      0  3  3 0.37
  190 ZINC00005482 ZINC 2.144e+03   1.89e-35 -43.1    0        0        -43.1      0  3  3 0.59
  193 ZINC00005749 ZINC 1.942e+03   1.47e-35 -46.7    0        0        -46.7      0  3  3 0.26
  188 ZINC00000107 UNL1 1.324e+03   -7.23    -21.2    0        0        -28.4      8  3  3 0.14
  207 ZINC00006518 <0>1 1.466e+03   -46.6    -9.32    0        0        -55.9      3  3  3 0.16
  194 ZINC00005817 ZINC 1.982e+03   1.45e-35 -46.1    0        0        -46.1      0  3  3 0.21
  197 ZINC00006459 <0>1 1.558e+03   -35.9    -2.24    0        0        -38.1      8  3  3 0.00
  192 ZINC00005749 ZINC 2.022e+03   -7.96e-37 -44.2    0        0        -44.2      0  3  3 0.14
  211 ZINC00006518 <0>1 1.432e+03   -30.6    -12.4    0        0        -43        3  3  3 0.16
  198 ZINC00006459 <0>1 1.580e+03   -50.1    -11.6    0        0        -61.7     10  3  3 0.21
  201 ZINC00006497 <0>1 1.588e+03   -56.7    -7.93    0        0        -64.6      3  3  3 0.10
  196 ZINC00001996 ZINC 2.294e+03   1.22e-35 -49.4    0        0        -49.4      0  3  3 0.31
  215 ZINC00004853 ZINC 2.228e+03   2.01e-35 -47.1    0        0        -47.1      0  3  3 0.63
  202 ZINC00006497 <0>1 1.557e+03   -39.2    -2.54    0        0        -41.7      6  3  3 0.01
  205 ZINC00006518 <0>1 1.476e+03   -49.1    -9.33    0        0        -58.5      4  3  3 0.17
  200 ZINC00006497 UNL1 1.468e+03   -8.92    -17.5    0        0        -26.4      3  3  3 0.22
  219 ZINC00005566 <0>1 1.633e+03   -19.7    -23.8    0        0        -43.5      5  3  3 0.48
  206 ZINC00006518 <0>1 1.429e+03   -30.7    -8.5     0        0        -39.2      4  3  3 0.15
  209 ZINC00006518 <0>1 1.433e+03   -37.7    -17.2    0        0        -54.9      2  3  3 0.32
  223 ZINC00000362 <0>1 1.522e+03   -36      -5.46    0        0        -41.5      3  3  3 0.01
  210 ZINC00006518 <0>1 1.440e+03   -24.1    -18.5    0        0        -42.6     10  3  3 0.29
  204 ZINC00006500 ZINC 2.069e+03   1.25e-35 -47.3    0        0        -47.3      0  3  3 0.29
  227 ZINC00009130 ZINC 2.010e+03   2.23e-35 -35      0        0        -35        0  3  3 0.21
  214 ZINC00006546 <0>1 1.263e+03   -37.7    -18.1    0        0        -55.8      9  3  3 0.01
  213 ZINC00006546 <0>1 1.301e+03   -26.4    -14.7    0        0        -41.1      6  3  3 0.28
  208 ZINC00006518 <0>1 1.655e+03   -19.4    -21.9    0        0        -41.3      8  3  3 0.16
  231 ZINC00009622 <0>1 1.285e+03   -48      -11.9    0        0        -59.8     10  3  3 0.17
  218 ZINC00005566 <0>1 1.499e+03   -67.6    3.79     0        0        -63.8      1  3  3 0.11
  217 ZINC00005604 ZINC 1.917e+03   1.44e-35 -41.6    0        0        -41.6      0  3  3 0.64
  212 ZINC00006518 <0>1 1.530e+03   -45.3    -15.6    0        0        -60.9      0  3  3 0.07
  235 ZINC00003334 <0>1 1.312e+03   -23.4    -11.8    0        0        -35.1      5  3  3 0.00
  222 ZINC00000493 ZINC 1.883e+03   2.2e-35  -43.4    0        0        -43.4      0  3  3 0.31
  221 ZINC00007242 ZINC 1.820e+03   1.89e-35 -42.4    0        0        -42.4      0  3  3 0.27
  216 ZINC00005604 ZINC 1.728e+03   1.28e-35 -38.9    0        0        -38.9      0  3  3 0.49
  239 ZINC00000014 ZINC 1.883e+03   1.69e-35 -35.6    0        0        -35.6      0  3  3 0.37
  225 ZINC00008523 ZINC 1.939e+03   1.15e-35 -43.4    0        0        -43.4      0  3  3 0.45
  220 ZINC00007242 ZINC 1.839e+03   2.38e-35 -48.9    0        0        -48.9      0  3  3 0.02
  243 ZINC00001928 <0>1 1.349e+03   -55.5    -5       0        0        -60.5      1  3  3 0.05
  226 ZINC00008523 ZINC 1.983e+03   2.34e-36 -39.3    0        0        -39.3      0  3  3 0.19
  229 ZINC00009270 ZINC 2.166e+03   2.64e-35 -48.6    0        0        -48.6      0  3  3 0.04
  224 ZINC00000362 <0>1 1.430e+03   -56.1    -2.88    0        0        -59        7  3  3 0.16
  247 ZINC00001266 ZINC 1.675e+03   4.69e-36 -46.8    0        0        -46.8      0  3  3 0.07
  230 ZINC00009270 ZINC 2.158e+03   1.71e-35 -43.3    0        0        -43.3      0  3  3 0.30
  233 ZINC00009622 <0>1 1.395e+03   -55.3    -0.902   0        0        -56.2     10  3  3 0.00
  228 ZINC00009270 ZINC 2.096e+03   2.36e-35 -51.5    0        0        -51.5      0  3  3 0.28
  251 ZINC00001212 <0>1 1.255e+03   -37.2    -15.1    0        0        -52.2      0  3  3 0.00
  234 ZINC00003334 <0>1 1.317e+03   -35.5    -15.7    0        0        -51.1      5  3  3 0.09
  232 ZINC00009622 <0>1 1.322e+03   -28      -13.7    0        0        -41.7     10  3  3 0.09
  237 ZINC00006509 UNL1 1.331e+03   -4.04    -21.9    0        0        -25.9      5  3  3 0.11
  255 ZINC00002057 <0>1 1.343e+03   -18.1    -12.9    0        0        -31.1      0  3  3 0.06
  238 ZINC00000014 ZINC 1.736e+03   1.77e-35 -43.1    0        0        -43.1      0  3  3 0.36
  241 ZINC00001613 <0>1 1.567e+03   -17.6    -19.1    0        0        -36.7      2  3  3 0.79
  259 ZINC00000673 ZINC 2.361e+03   1.6e-35  -50.5    0        0        -50.5      0  3  3 0.37
  236 ZINC00006509 UNL1 1.358e+03   -1.02    -29.8    0        0        -30.8      6  3  3 0.55
  242 ZINC00001928 <0>1 1.295e+03   -48.8    -8.79    0        0        -57.6     10  3  3 0.12
  263 ZINC00003535 <0>1 1.408e+03   -18.7    -18.8    0        0        -37.5      0  3  3 0.34
  245 ZINC00001928 <0>1 1.318e+03   -70.2    -7.22    0        0        -77.4      9  3  3 0.01
  240 ZINC00001613 <0>1 1.581e+03   -41.6    -11.6    0        0        -53.2      8  3  3 0.45
  246 ZINC00001266 ZINC 1.676e+03   4.25e-36 -48.7    0        0        -48.7      0  3  3 0.07
  267 ZINC00003800 <0>1 1.390e+03   -20.5    -19.1    0        0        -39.6      9  3  3 0.65
  249 ZINC00001212 <0>1 1.299e+03   -38.1    -22.5    0        0        -60.6      6  3  3 0.42
  244 ZINC00001928 <0>1 1.384e+03   -49.6    -10.8    0        0        -60.3     10  3  3 0.10
  250 ZINC00001212 <0>1 1.364e+03   -50.6    -6.53    0        0        -57.2      1  3  3 0.02
  271 ZINC00004954 <0>1 1.506e+03   -35.1    -5.76    0        0        -40.9      8  3  3 0.15
  253 ZINC00002030 ZINC 1.514e+03   4.9e-36  -26.8    0        0        -26.8      6  3  3 0.07
  248 ZINC00001212 <0>1 1.262e+03   -29.4    -8.31    0        0        -37.7      9  3  3 0.25
  254 ZINC00002057 <0>1 1.348e+03   -27.2    -19      0        0        -46.1      0  3  3 0.39
  257 ZINC00002060 ZINC 1.904e+03   1.42e-35 -42.2    0        0        -42.2      0  3  3 0.40
  258 ZINC00003048 ZINC 2.386e+03   1.9e-35  -57.4    0        0        -57.4      0  3  3 0.28
  252 ZINC00002030 ZINC 1.567e+03   1.22e-35 -41.7    0        0        -41.7      0  3  3 0.39
  275 ZINC00006494 ZINC 1.873e+03   1.67e-35 -52.2    0        0        -52.2      0  3  3 0.38
  261 ZINC00003250 <0>1 1.394e+03   -34.7    -12      0        0        -46.7      1  3  3 0.25
  256 ZINC00002057 <0>1 1.323e+03   -42.6    -7.5     0        0        -50.1      0  3  3 0.06
  279 ZINC00006942 ZINC 1.840e+03   4.05e-36 -42.4    0        0        -42.4      0  3  3 0.17
  265 ZINC00001314 ZINC 2.138e+03   2.05e-35 -50.5    0        0        -50.5      0  3  3 0.60
  262 ZINC00003535 <0>1 1.379e+03   -45.2    -18.6    0        0        -63.8      3  3  3 0.58
  260 ZINC00000673 ZINC 2.441e+03   1.98e-35 -42.4    0        0        -42.4      0  3  3 0.28
  283 ZINC00000419 ZINC 2.311e+03   1.29e-35 -37.6    0        0        -37.6      0  3  3 0.21
  266 ZINC00003800 <0>1 1.368e+03   -40.1    -14.7    0        0        -54.8      6  3  3 0.14
  269 ZINC00004865 ZINC 1.736e+03   9.71e-36 -37.9    0        0        -37.9      0  3  3 0.27
  264 ZINC00001314 ZINC 1.969e+03   1.63e-35 -45.1    0        0        -45.1      0  3  3 0.50
  287 ZINC00008949 ZINC 1.763e+03   7.39e-36 -37.5    0        0        -37.5      0  3  3 0.42
  270 ZINC00004954 <0>1 1.528e+03   -45      -7.5     0        0        -52.5     10  3  3 0.14
  273 ZINC00005840 ZINC 2.279e+03   1.28e-35 -42.6    0        0        -42.6      0  3  3 0.32
  268 ZINC00004865 ZINC 1.764e+03   9.57e-36 -37.6    0        0        -37.6      0  3  3 0.33
  291 ZINC00009539 ZINC 2.176e+03   1.61e-35 -44.2    0        0        -44.2      0  3  3 0.40
  274 ZINC00006494 ZINC 2.303e+03   8.5e-36  -48.7    0        0        -48.7      0  3  3 0.17
  277 ZINC00006494 ZINC 1.990e+03   9.9e-36  -44.3    0        0        -44.3      0  3  3 0.32
  272 ZINC00005708 ZINC 1.787e+03   1.81e-35 -43.5    0        0        -43.5      0  3  3 0.33
  295 ZINC00009799 <0>1 1.143e+03   -41.6    -10.5    0        0        -52.1      0  3  3 0.28
  278 ZINC00006942 ZINC 1.918e+03   2.25e-35 -44.1    0        0        -44.1      0  3  3 0.34
  281 ZINC00007363 ZINC 1.968e+03   1.24e-35 -44.5    0        0        -44.5      0  3  3 0.42
  276 ZINC00006494 ZINC 2.252e+03   1.97e-35 -42.9    0        0        -42.9      0  3  3 0.43
  299 ZINC00001934 <0>1 1.449e+03   -46.9    -12.5    0        0        -59.4      7  3  3 0.22
  282 ZINC00007363 ZINC 1.805e+03   1.37e-35 -46      0        0        -46        0  3  3 0.44
  285 ZINC00000488 ZINC 2.115e+03   1.3e-35  -47.6    0        0        -47.6      0  3  3 0.16
  280 ZINC00007363 ZINC 1.864e+03   1.58e-35 -42.3    0        0        -42.3      0  3  3 0.40
  303 ZINC00001981 <0>1 1.470e+03   -41.5    -21.7    0        0        -63.2      1  3  3 0.32
  286 ZINC00000488 ZINC 1.769e+03   2.04e-35 -32.9    0        0        -32.9      4  3  3 0.10
  289 ZINC00009539 ZINC 2.237e+03   2.07e-35 -40.6    0        0        -40.6      0  3  3 0.34
  284 ZINC00000419 ZINC 2.287e+03   1.19e-35 -47      0        0        -47        0  3  3 0.21
  307 ZINC00003635 <0>1 1.339e+03   -8.26    -23.3    0        0        -31.6      9  3  3 0.22
  290 ZINC00009539 ZINC 2.178e+03   2.45e-35 -40.8    0        0        -40.8      0  3  3 0.08
  293 ZINC00009539 ZINC 2.231e+03   1.64e-35 -44.8    0        0        -44.8      0  3  3 0.39
  288 ZINC00008949 ZINC 1.730e+03   1.43e-35 -37.3    0        0        -37.3      0  3  3 0.48
  311 ZINC00004902 <0>1 1.426e+03   -29.1    -10.9    0        0        -40        6  3  3 0.04
  294 ZINC00009799 <0>1 1.131e+03   -23.2    -14      0        0        -37.2      0  3  3 0.00
  297 ZINC00000664 <0>1 1.338e+03   -56.7    -13.1    0        0        -69.8      9  3  3 0.28
  292 ZINC00009539 ZINC 2.215e+03   2.48e-35 -41.6    0        0        -41.6      0  3  3 0.08
  315 ZINC00006538 <0>1 1.325e+03   -51.1    -16.8    0        0        -67.9      6  3  3 0.25
  298 ZINC00001934 <0>1 1.467e+03   -12.3    -27.9    0        0        -40.2      9  3  3 0.16
  301 ZINC00001955 ZINC 1.984e+03   2.22e-35 -50.3    0        0        -50.3      0  3  3 0.07
  296 ZINC00000506 <0>1 1.565e+03   -48      -20.2    0        0        -68.2      0  3  3 0.69
  319 ZINC00007208 ZINC 2.052e+03   1.86e-35 -44.7    0        0        -44.7      0  3  3 0.48
  302 ZINC00001981 <0>1 1.352e+03   -12.4    -19.6    0        0        -32        8  3  3 0.16
  305 ZINC00001976 ZINC 1.649e+03   1.5e-35  -41.4    0        0        -41.4      0  3  3 0.41
  300 ZINC00001955 ZINC 2.253e+03   2.41e-35 -43.6    0        0        -43.6      0  3  3 0.07
  323 ZINC00007242 <0>1 1.285e+03   -35.2    -13      0        0        -48.2      0  3  3 0.06
  306 ZINC00001976 ZINC 1.657e+03   1.34e-35 -33.6    0        0        -33.6      0  3  3 0.47
  309 ZINC00004424 ZINC 1.984e+03   1.38e-35 -38.5    0        0        -38.5      0  3  3 0.21
  304 ZINC00003265 ZINC 2.332e+03   2.75e-35 -45.3    0        0        -45.3      0  3  3 0.23
  327 ZINC00007862 ZINC 2.384e+03   1.07e-35 -53.8    0        0        -53.8      0  3  3 0.09
  310 ZINC00004424 ZINC 1.955e+03   1.85e-35 -44.4    0        0        -44.4      0  3  3 0.66
  313 ZINC00006524 ZINC 1.893e+03   1.19e-35 -40.4    0        0        -40.4      0  3  3 0.25
  308 ZINC00003635 <0>1 1.280e+03   -48.9    -7.73    0        0        -56.6      3  3  3 0.11
  331 ZINC00008878 <0>1 1.456e+03   -37.9    -0.803   0        0        -38.7      0  3  3 0.02
  314 ZINC00006524 ZINC 1.762e+03   1.57e-35 -46.1    0        0        -46.1      0  3  3 0.30
  312 ZINC00006264 ZINC 2.145e+03   2.27e-35 -33.2    0        0        -33.2      0  3  3 0.22
  335 ZINC00009193 <0>1 1.361e+03   -56.6    -0.572   0        0        -57.2      4  3  3 0.05
  317 ZINC00006538 <0>1 1.395e+03   -28.5    -9.88    0        0        -38.4      5  3  3 0.00
  318 ZINC00006965 <0>1 1.486e+03   -61      -11.3    0        0        -72.3      0  3  3 0.17
  316 ZINC00006538 <0>1 1.323e+03   -51.6    -8.47    0        0        -60.1      9  3  3 0.03
  339 ZINC00009613 <0>1 1.374e+03   -38.2    -3.25    0        0        -41.5      6  3  3 0.00
  321 ZINC00007216 ZINC 2.067e+03   1.88e-35 -44.8    0        0        -44.8      0  3  3 0.31
  322 ZINC00007216 ZINC 2.055e+03   2.25e-35 -49.3    0        0        -49.3      0  3  3 0.19
  320 ZINC00007212 <0>1 1.235e+03   -15.3    -22.5    0        0        -37.8     10  3  3 0.22
  343 ZINC00009701 ZINC 1.931e+03   7.39e-36 -37.7    0        0        -37.7      0  3  3 0.26
  325 ZINC00007748 ZINC 2.027e+03   2.53e-35 -51.3    0        0        -51.3      0  3  3 0.20
  326 ZINC00007748 ZINC 2.004e+03   2.45e-35 -49.1    0        0        -49.1      0  3  3 0.20
  347 ZINC00009721 ZINC 1.985e+03   1.98e-35 -45.4    0        0        -45.4      0  3  3 0.23
  329 ZINC00008023 ZINC 1.793e+03   1.79e-35 -49.7    0        0        -49.7      0  3  3 0.31
  330 ZINC00008878 <0>1 1.463e+03   -42.2    1.69     0        0        -40.5     10  3  3 0.02
  351 ZINC00001949 <0>1 1.287e+03   -54      -4.51    0        0        -58.5      7  3  3 0.03
  333 ZINC00009165 <0>1 1.429e+03   -36.6    -9.6     0        0        -46.2      0  3  3 0.08
  334 ZINC00009165 <0>1 1.429e+03   -38      -22.5    0        0        -60.5      0  3  3 0.10
  355 ZINC00005165 ZINC 2.048e+03   3.32e-35 -59.6    0        0        -59.6      0  3  3 0.27
  337 ZINC00009540 <0>1 1.438e+03   -23      -10.5    0        0        -33.5      0  3  3 0.20
  338 ZINC00009540 <0>1 1.347e+03   -13      -19.6    0        0        -32.6      7  3  3 0.22
  324 ZINC00007242 <0>1 1.245e+03   -35.8    -19      0        0        -54.8      0  3  3 0.45
  359 ZINC00006284 ZINC 1.999e+03   2.07e-35 -35.2    0        0        -35.2      0  3  3 0.09
  341 ZINC00009596 ZINC 1.863e+03   -5.86e-36 -35.1    0        0        -35.1      0  3  3 0.07
  342 ZINC00009701 ZINC 2.402e+03   1.86e-35 -40.4    0        0        -40.4      0  3  3 0.39
  328 ZINC00007862 ZINC 2.325e+03   2.46e-35 -48.2    0        0        -48.2      0  3  3 0.35
  363 ZINC00007174 ZINC 2.026e+03   2.63e-35 -52.3    0        0        -52.3      0  3  3 0.20
  346 ZINC00009721 ZINC 1.545e+03   1.91e-35 -34.4    0        0        -34.4      4  3  3 0.05
  345 ZINC00009721 ZINC 2.232e+03   2.93e-35 -56.3    0        0        -56.3      0  3  3 0.22
  332 ZINC00009161 <0>1 1.404e+03   -49.7    -17.6    0        0        -67.3      8  3  3 0.24
  367 ZINC00007216 ZINC 2.182e+03   2.24e-35 -48.6    0        0        -48.6      0  3  3 0.46
  350 ZINC00001949 <0>1 1.297e+03   -27.9    -12.9    0        0        -40.8     10  3  3 0.26
  349 ZINC00001326 ZINC 1.656e+03   2e-35    -40.2    0        0        -40.2      0  3  3 0.36
  336 ZINC00009201 ZINC 2.307e+03   1.77e-35 -40.7    0        0        -40.7      0  3  3 0.21
  371 ZINC00007242 <0>1 1.311e+03   -51      -16.1    0        0        -67.1      3  3  3 0.36
  353 ZINC00004830 <0>1 1.543e+03   -53.6    5.32     0        0        -48.3      4  3  3 0.01
  354 ZINC00005165 ZINC 2.150e+03   1.93e-35 -51.4    0        0        -51.4      0  3  3 0.42
  340 ZINC00009613 <0>1 1.364e+03   -31.5    -27.6    0        0        -59.1      8  3  3 0.46
  375 ZINC00007242 ZINC 2.519e+03   2.32e-35 -41.9    0        0        -41.9      0  3  3 0.04
  357 ZINC00005324 ZINC 2.407e+03   1.06e-35 -41.8    0        0        -41.8      0  3  3 0.37
  358 ZINC00005324 ZINC 2.344e+03   9.61e-36 -44.1    0        0        -44.1      0  3  3 0.38
  344 ZINC00009721 ZINC 2.002e+03   2.59e-35 -58      0        0        -58        0  3  3 0.25
  379 ZINC00007767 <0>1 1.461e+03   -25.9    -14.2    0        0        -40.1      5  3  3 0.10
  361 ZINC00006977 <0>1 1.462e+03   -45.9    -14.6    0        0        -60.5      4  3  3 0.34
  362 ZINC00007174 ZINC 1.847e+03   2.66e-35 -54.3    0        0        -54.3      0  3  3 0.19
  348 ZINC00009721 ZINC 1.578e+03   1.94e-35 -40      0        0        -40        8  3  3 0.02
  383 ZINC00007767 <0>1 1.346e+03   -26.1    -15.1    0        0        -41.3      2  3  3 0.00
  365 ZINC00007214 ZINC 2.358e+03   1.38e-35 -51.6    0        0        -51.6      0  3  3 0.21
  366 ZINC00007216 ZINC 2.230e+03   2.14e-35 -48.9    0        0        -48.9      0  3  3 0.52
  352 ZINC00003743 ZINC 2.354e+03   1.15e-35 -44.8    0        0        -44.8      0  3  3 0.20
  387 ZINC00009141 ZINC 2.387e+03   2.55e-35 -58      0        0        -58        0  3  3 0.45
  369 ZINC00007235 <0>1 1.538e+03   -48.7    -13      0        0        -61.8      7  3  3 0.38
  370 ZINC00001956 <0>1 1.244e+03   -30.9    -15.7    0        0        -46.6      2  3  3 0.10
  356 ZINC00005324 ZINC 2.296e+03   2.61e-35 -41.9    0        0        -41.9      0  3  3 0.24
  391 ZINC00009536 <0>1 1.410e+03   -27.4    -12.7    0        0        -40.1      4  3  3 0.09
  373 ZINC00007242 <0>1 1.348e+03   -51      -8.98    0        0        -60        0  3  3 0.05
  374 ZINC00007242 ZINC 2.385e+03   2.92e-35 -41.8    0        0        -41.8      0  3  3 0.02
  360 ZINC00006291 ZINC 2.010e+03   2.03e-35 -47.7    0        0        -47.7      0  3  3 0.44
  395 ZINC00000328 ZINC 2.220e+03   1.47e-35 -47.7    0        0        -47.7      0  3  3 0.22
  377 ZINC00007734 ZINC 2.050e+03   2.46e-35 -43.1    0        0        -43.1      0  3  3 0.01
  378 ZINC00007734 ZINC 2.079e+03   9.69e-37 -43.2    0        0        -43.2      0  3  3 0.10
  364 ZINC00007214 ZINC 2.335e+03   2.84e-35 -47.4    0        0        -47.4      0  3  3 0.34
  399 ZINC00001258 ZINC 2.066e+03   4.18e-36 -42.4    0        0        -42.4      0  3  3 0.22
  381 ZINC00007767 <0>1 1.440e+03   -44.3    -13.7    0        0        -58        7  3  3 0.15
  368 ZINC00007235 <0>1 1.467e+03   -38.8    -7.36    0        0        -46.1      4  3  3 0.00
  382 ZINC00007767 <0>1 1.465e+03   -31.8    -7.07    0        0        -38.9      7  3  3 0.00
  403 ZINC00001254 ZINC 2.274e+03   8.53e-36 -52.1    0        0        -52.1      0  3  3 0.29
  385 ZINC00009141 ZINC 2.424e+03   3.19e-35 -60.4    0        0        -60.4      0  3  3 0.45
  386 ZINC00009141 ZINC 2.556e+03   3.35e-35 -60.8    0        0        -60.8      0  3  3 0.46
  372 ZINC00007242 <0>1 1.407e+03   -77.3    -8.43    0        0        -85.7      9  3  3 0.14
  389 ZINC00009184 ZINC 1.902e+03   2.26e-35 -51.8    0        0        -51.8      0  3  3 0.48
  376 ZINC00007243 ZINC 2.373e+03   -1.2e-36 -41.5    0        0        -41.5      0  3  3 0.16
  390 ZINC00009291 ZINC 2.013e+03   1.34e-35 -44.1    0        0        -44.1      0  3  3 0.23
  393 ZINC00009712 <0>1 1.219e+03   -16.9    -21.2    0        0        -38.1      1  3  3 0.10
  380 ZINC00007767 <0>1 1.445e+03   -39.8    -16.8    0        0        -56.6      4  3  3 0.20
  394 ZINC00009712 <0>1 1.211e+03   -20.7    -15.4    0        0        -36.1      9  3  3 0.24
  397 ZINC00000884 ZINC 2.130e+03   2.41e-35 -42      0        0        -42        0  3  3 0.02
  384 ZINC00008973 ZINC 1.782e+03   1.67e-35 -40.5    0        0        -40.5      0  3  3 0.33
  398 ZINC00000884 ZINC 1.768e+03   2.28e-35 -53.8    0        0        -53.8      0  3  3 0.34
  388 ZINC00009184 ZINC 1.936e+03   2.21e-35 -55.1    0        0        -55.1      0  3  3 0.45
  401 ZINC00000954 ZINC 2.364e+03   6.53e-36 -45.5    0        0        -45.5      0  3  3 0.20
  402 ZINC00000954 ZINC 2.066e+03   2.54e-35 -48.8    0        0        -48.8      0  3  3 0.02
  392 ZINC00009536 <0>1 1.529e+03   -38.4    -24.6    0        0        -63.1      9  3  3 0.35
  396 ZINC00000328 ZINC 2.015e+03   2.15e-35 -44.9    0        0        -44.9      0  3  3 0.15
  400 ZINC00001258 ZINC 2.337e+03   3.52e-36 -45.1    0        0        -45.1      0  3  3 0.20
